  -0.01044
  -0.02478
  -0.12284
   0.08598
   0.03627
   0.06625
   0.00000
   0.00000
   0.06307
   0.03175
   0.03077
   0.02985
   0.02278
   0.07796
   0.16834
   0.07564
   0.13890
  -0.05023
   0.08240
   0.03060
   0.01900
  -0.00819
   0.08655
   0.19770
   0.04082
   0.02762
   0.00485
  -0.00687
  -0.01587
  -0.00401
  -0.01019
   0.06927
   0.07547
   0.03515
   0.10017
   0.03145
  -0.02024
   0.05178
   0.00155
   0.11709
  -0.01188
   0.17266
   0.10393
   0.03376
  -0.04944
  -0.20954
  -0.25228
   0.17709
   0.01074
   0.06573
   0.04814
  -0.00413
   0.07312
  -0.11107
   0.00000
   0.03966
  -0.11935
  -0.10308
   0.02251
   0.08530
   0.02469
   0.11796
  -0.05038
  -0.02327
  -0.23817
   0.17499
  -0.09565
   0.06825
  -0.26028
   0.10810
  -0.01653
  -0.07830
  -0.04663
   0.02359
  -0.04389
  -0.18232
  -0.17733
  -0.04972
   0.18299
   0.30097
   0.02445
  -0.14197
  -0.10254
   0.13588
   0.02062
  -0.18314
   0.15695
   0.23219
   0.07796
   0.12883
   0.02920
   0.05935
  -0.09973
  -0.01623
   0.11703
  -0.01206
   0.02934
  -0.02062
  -0.06825
   0.07250
  -0.06874
   0.05554
  -0.04486
   0.02952
   0.03572
  -0.01429
   0.10572
   0.01637
  -0.00658
   0.04832
   0.01017
   0.08937
  -0.00866
   0.03419
   0.03334
  -0.00685
  -0.01385
   0.01397
   0.01241
   0.01483
   0.02423
  -0.04906
   0.03390
  -0.09699
   0.02439
   0.04419
  -0.04610
   0.02257
   0.02389
   0.00256
   0.10799
  -0.00131
  -0.04539
  -0.01607
  -0.04645
   0.01629
  -0.07340
   0.00331
   0.06766
  -0.06766
  -0.01511
  -0.02247
  -0.08004
   0.04626
   0.06887
   0.04668
  -0.10590
   0.06694
   0.01783
   0.09113
   0.06311
  -0.00613
   0.01223
   0.06817
   0.00856
   0.05795
  -0.04068
   0.03662
  -0.03465
  -0.01499
   0.06788
  -0.00354
   0.06632
  -0.09826
  -0.01486
   0.08399
   0.00000
   0.03882
  -0.02938
   0.05004
  -0.00682
  -0.01345
  -0.17649
  -0.04879
   0.02496
   0.00527
   0.09036
   0.01761
   0.00633
   0.01720
   0.00070
  -0.01489
   0.03319
  -0.08535
   0.06437
   0.03432
   0.02562
  -0.00714
   0.02516
  -0.03185
   0.00323
  -0.01626
  -0.11841
  -0.03789
  -0.03727
  -0.00858
   0.03858
   0.10006
   0.02807
   0.01828
   0.00362
   0.01987
   0.05736
   0.02007
   0.07682
   0.01132
   0.04134
   0.00621
   0.04835
   0.00889
  -0.01486
   0.03240
   0.01883
  -0.01009
  -0.03240
   0.04432
  -0.02933
  -0.02212
   0.10262
  -0.00951
   0.01386
   0.00583
   0.01264
   0.03698
   0.00695
  -0.03668
   0.06265
   0.00678
  -0.01539
   0.04852
  -0.00904
   0.04372
   0.04317
  -0.01561
   0.00523
   0.01424
   0.04061
   0.09937
   0.09449
  -0.01873
   0.02387
   0.03279
   0.05591
   0.11805
   0.04719
  -0.01626
   0.01222
  -0.06481
  -0.08622
  -0.00952
   0.00299
   0.00956
   0.05046
  -0.03922
  -0.01192
  -0.07466
   0.04051
   0.02956
   0.04276
   0.00000
   0.00234
   0.01161
   0.05367
   0.05596
  -0.08248
   0.06673
   0.04737
   0.00709
   0.03813
   0.00000
  -0.04913
   0.08115
  -0.04963
   0.07761
  -0.02882
   0.04843
   0.05199
  -0.04911
   0.04782
   0.03014
   0.00000
  -0.04832
   0.09741
   0.00000
   0.05850
   0.11145
  -0.01408
   0.16226
   0.05319
  -0.00881
   0.03708
  -0.01946
   0.02160
  -0.10393
  -0.10008
   0.09051
   0.02857
  -0.00943
   0.01061
   0.01751
   0.05571
  -0.04226
  -0.01824
   0.00612
  -0.00244
  -0.01735
   0.06766
   0.03895
  -0.02053
  -0.06669
   0.00980
   0.06867
  -0.03345
  -0.04966
   0.00784
  -0.01311
   0.05892
   0.09075
  -0.00458
  -0.00806
  -0.01994
   0.02110
   0.06946
   0.07136
  -0.01391
   0.02763
   0.01463
  -0.05108
   0.04900
  -0.03074
   0.03282
  -0.00418
  -0.02985
   0.00862
   0.03168
   0.05553
   0.05321
   0.04320
   0.20902
   0.00597
   0.06725
   0.04604
  -0.00501
  -0.04980
   0.03473
   0.06123
   0.17075
  -0.01780
   0.02590
   0.00403
   0.06504
   0.07519
  -0.02125
  -0.00720
   0.01554
  -0.03993
  -0.01748
  -0.04376
   0.04628
   0.03969
  -0.03279
   0.05001
   0.19084
   0.06832
   0.01521
   0.13076
   0.05078
  -0.05899
  -0.06722
   0.03044
   0.04603
   0.10125
  -0.04159
  -0.01655
   0.02140
   0.09627
   0.05979
   0.11684
   0.01648
  -0.06096
  -0.05029
  -0.00668
   0.03974
   0.00843
   0.05269
   0.02352
   0.05190
   0.01435
  -0.00457
   0.05644
   0.00135
   0.00849
   0.09237
   0.06408
   0.02867
   0.20440
  -0.06716
   0.05711
   0.02612
   0.07621
   0.18594
  -0.04794
  -0.04567
  -0.00703
  -0.03110
  -0.00609
   0.06530
   0.00515
  -0.05210
   0.00659
   0.04902
   0.03029
   0.10928
   0.03509
   0.00478
   0.02309
  -0.03803
  -0.00974
   0.08754
   0.06263
   0.07000
   0.06062
   0.02920
   0.02697
   0.02715
  -0.02697
   0.02390
   0.06576
   0.03499
   0.08802
  -0.01181
  -0.00173
  -0.06604
  -0.00787
  -0.00795
  -0.15996
  -0.14365
  -0.14580
   0.13169
   0.02551
  -0.11416
  -0.02144
   0.14315
  -0.02156
   0.08300
  -0.05581
   0.05179
   0.09671
   0.03079
  -0.08983
  -0.00402
   0.02556
   0.01617
   0.08885
  -0.01530
   0.04385
   0.06676
   0.05081
   0.04342
  -0.04123
   0.05346
  -0.00627
  -0.03195
  -0.04482
  -0.00912
  -0.03853
  -0.01499
  -0.00730
   0.09097
   0.01932
  -0.00330
   0.06550
  -0.01140
  -0.04274
   0.04483
   0.04391
   0.02669
   0.03922
  -0.01227
  -0.05079
  -0.00603
   0.04050
   0.00194
   0.07736
  -0.02126
  -0.03013
  -0.02821
  -0.05784
  -0.00940
   0.04466
   0.12738
  -0.01204
   0.07266
   0.07613
   0.04768
   0.09612
  -0.03587
   0.06487
   0.02039
  -0.01368
   0.09262
   0.07931
   0.03249
   0.02421
  -0.05323
  -0.02245
   0.05452
   0.10086
   0.05429
  -0.00915
  -0.04333
  -0.00919
   0.00000
  -0.08517
   0.08354
  -0.05782
  -0.06137
  -0.00703
   0.06794
   0.04362
  -0.02532
   0.05711
  -0.04002
   0.06415
   0.00072
   0.04322
  -0.00696
   0.02079
  -0.08365
   0.01833
  -0.00516
  -0.12743
  -0.06516
  -0.10616
   0.01371
   0.05401
   0.09146
   0.01176
   0.04408
   0.03360
   0.02410
   0.03709
   0.06054
   0.00070
  -0.08591
  -0.03106
  -0.08472
   0.04711
  -0.00082
  -0.01076
   0.02075
   0.09665
   0.08949
   0.00501
   0.03663
   0.00976
   0.03337
  -0.01456
   0.02208
   0.02245
  -0.00491
  -0.05304
   0.01761
   0.02774
   0.08004
  -0.00599
   0.00000
  -0.05600
  -0.03279
   0.00712
  -0.00792
  -0.04016
  -0.15415
   0.08272
  -0.05173
  -0.07135
  -0.00610
  -0.02517
  -0.00897
  -0.03672
  -0.06110
   0.00118
  -0.05371
  -0.04113
  -0.18859
   0.17350
  -0.05642
  -0.05360
   0.11381
   0.14213
  -0.04206
   0.01561
   0.03108
  -0.02830
  -0.09400
  -0.01190
   0.01068
   0.11999
   0.07213
  -0.00943
   0.13923
  -0.00146
   0.02463
  -0.03347
   0.01954
   0.07550
  -0.01685
   0.01369
   0.02793
  -0.03481
   0.00550
   0.02954
  -0.01398
   0.01174
   0.00181
  -0.06635
  -0.04243
   0.07265
   0.01550
   0.01020
  -0.02786
  -0.01447
   0.03533
   0.03535
  -0.02969
  -0.04377
  -0.06474
   0.12179
  -0.01848
  -0.00388
   0.08831
   0.04779
  -0.05231
  -0.04712
   0.03030
   0.10220
   0.03376
  -0.01735
   0.05038
  -0.00397
  -0.02191
  -0.03515
  -0.05067
   0.01579
  -0.03267
  -0.08266
   0.05816
  -0.01350
   0.06393
  -0.06416
  -0.13016
  -0.01582
   0.02448
   0.05916
   0.10493
   0.01687
  -0.02122
   0.03825
   0.03481
  -0.00368
  -0.05294
   0.01135
  -0.02962
  -0.06200
   0.01666
  -0.01501
  -0.03070
  -0.00250
  -0.01831
  -0.04971
   0.07228
   0.04266
   0.11215
  -0.01409
  -0.03495
   0.07261
  -0.02986
  -0.01433
   0.07925
   0.08378
   0.03997
   0.08488
   0.08957
   0.10680
   0.02691
   0.00991
   0.02740
   0.13965
  -0.04189
   0.07779
   0.00104
   0.00062
   0.05989
  -0.00099
  -0.06878
   0.03865
  -0.06673
  -0.02596
   0.03345
  -0.00220
  -0.04541
  -0.01874
   0.04620
   0.11984
   0.00403
   0.01180
  -0.02334
   0.01123
   0.10221
  -0.00939
  -0.05365
  -0.00394
   0.02517
  -0.03864
   0.05979
  -0.02818
  -0.02196
   0.04730
   0.08112
   0.10679
  -0.02606
   0.00313
   0.00413
   0.03087
  -0.01792
  -0.03932
  -0.10044
   0.05399
  -0.03111
  -0.08431
   0.03653
  -0.05768
   0.07038
   0.08805
   0.07340
   0.06449
   0.00607
   0.01550
  -0.00927
   0.05130
  -0.11057
  -0.20751
  -0.09095
   0.04199
  -0.02743
   0.05392
  -0.08779
   0.05205
   0.00198
   0.12418
  -0.01284
  -0.11045
   0.03416
   0.06094
  -0.02498
   0.02808
   0.06933
  -0.06340
  -0.10742
   0.04370
  -0.02816
   0.02032
   0.02755
   0.02859
  -0.06960
  -0.08597
  -0.01422
  -0.03651
   0.04670
   0.06345
   0.02143
   0.02673
   0.10618
  -0.02105
  -0.05241
  -0.07847
   0.04322
  -0.00945
   0.08597
  -0.00552
   0.11483
   0.02501
  -0.12277
  -0.10037
   0.04123
  -0.08862
   0.04159
  -0.03176
   0.06736
  -0.05326
  -0.04731
  -0.03857
   0.01117
  -0.02151
  -0.03962
   0.08326
   0.01324
   0.07558
  -0.03245
  -0.07578
  -0.07023
  -0.18853
   0.03793
  -0.30368
   0.02209
   0.06421
  -0.06653
  -0.04523
   0.09161
  -0.06612
  -0.10395
   0.03315
  -0.08552
   0.09097
   0.16265
   0.04757
   0.00000
  -0.06159
   0.03256
   0.05129
   0.09531
  -0.06984
   0.05182
   0.10536
   0.01629
   0.06768
  -0.04812
   0.03813
  -0.01888
   0.04573
   0.08743
   0.14168
  -0.01464
   0.03175
   0.12585
  -0.04942
  -0.08976
   0.02869
  -0.00386
  -0.05587
   0.17178
   0.12442
  -0.09735
  -0.03197
  -0.00605
  -0.07537
   0.08237
   0.06505
   0.08482
   0.03551
   0.21364
  -0.05067
   0.03486
  -0.08494
  -0.04627
   0.15649
   0.07615
   0.04244
   0.15849
  -0.04028
   0.04461
  -0.07338
   0.10769
  -0.04554
