  -0.02593
  -0.03053
   0.05118
  -0.11236
  -0.00847
   0.06410
   0.06426
  -0.07500
  -0.05198
  -0.02895
  -0.07273
  -0.09314
   0.10757
   0.07617
  -0.05023
  -0.05096
  -0.03061
   0.04211
   0.07273
  -0.03365
  -0.05970
   0.13439
   0.08962
   0.06710
   0.00162
  -0.04703
   0.05365
  -0.05743
   0.06550
  -0.04918
   0.03190
   0.02991
  -0.02075
   0.03390
  -0.08714
   0.06364
   0.09402
   0.07115
   0.00369
   0.08088
   0.04467
   0.06250
   0.06811
  -0.01170
   0.01183
  -0.04386
   0.26543
   0.01951
   0.04545
  -0.13825
   0.10963
   0.03855
  -0.01869
   0.06190
   0.16592
  -0.01563
   0.02381
   0.09496
   0.23351
  -0.05925
   0.05069
   0.28235
  -0.06193
   0.02284
  -0.06569
   0.00781
   0.00930
   0.04264
  -0.08178
  -0.01377
  -0.08264
   0.08108
  -0.08500
  -0.01376
  -0.05116
  -0.04118
   0.02577
   0.11558
  -0.07838
  -0.06897
  -0.01058
  -0.02353
  -0.11050
  -0.00621
  -0.01500
   0.00641
  -0.06369
   0.03810
   0.01325
   0.13725
  -0.07701
   0.08176
  -0.04070
   0.00970
   0.00606
  -0.03012
  -0.09565
   0.16667
  -0.05952
  -0.02152
  -0.05229
   0.11034
   0.17764
  -0.01596
  -0.01081
   0.17814
  -0.09346
  -0.00515
  -0.05907
   0.00556
   0.00552
  -0.01319
   0.03933
   0.08649
   0.10746
  -0.07692
   0.07353
   0.04384
  -0.00441
   0.12389
   0.06142
   0.01119
   0.00000
  -0.15646
   0.03524
   0.01702
   0.06109
   0.02800
  -0.01946
   0.08333
   0.07380
  -0.05842
   0.09489
   0.04698
   0.00000
  -0.01923
   0.05592
   0.09969
  -0.03116
  -0.03254
   0.04893
   0.11487
   0.04474
   0.07053
   0.06682
   0.04656
   0.09110
   0.11922
  -0.03833
   0.10145
   0.02039
  -0.03247
   0.01678
   0.04257
   0.07472
  -0.00592
   0.00714
  -0.01929
  -0.07413
   0.02745
  -0.04952
   0.13613
  -0.04024
  -0.07453
   0.07886
   0.00653
   0.05590
   0.12353
  -0.10838
   0.00885
   0.02924
  -0.07500
  -0.04321
  -0.00323
   0.10388
  -0.03682
   0.08257
  -0.02373
   0.01453
  -0.03725
   0.01518
   0.00736
  -0.00439
  -0.03495
  -0.07034
   0.16447
   0.01017
  -0.06742
   0.07530
   0.06050
  -0.10477
  -0.12444
  -0.11472
   0.14808
  -0.15243
   0.03597
   0.05950
   0.13406
   0.00032
   0.10789
  -0.06395
   0.03820
   0.07970
   0.00139
   0.00779
   0.05825
   0.13106
  -0.08969
   0.07928
  -0.02488
   0.07120
   0.03881
   0.03736
  -0.00636
  -0.03533
  -0.06437
   0.06562
   0.11074
  -0.02115
   0.06926
   0.04348
   0.04444
   0.06649
   0.04282
  -0.00242
   0.00969
   0.09398
  -0.03524
  -0.00228
   0.03678
   0.08869
   0.00204
   0.13673
  -0.01616
   0.03676
   0.00177
   0.03717
   0.05870
  -0.02589
  -0.01827
   0.05144
  -0.03554
  -0.07538
   0.04239
   0.02618
   0.08231
  -0.02848
  -0.00651
   0.03279
   0.03937
   0.03988
  -0.09145
   0.06948
   0.07622
  -0.00283
  -0.00739
  -0.04885
   0.03776
  -0.01048
  -0.06963
  -0.01274
   0.02129
   0.10476
   0.01724
  -0.00113
  -0.02415
   0.03523
  -0.05085
   0.04018
   0.03577
   0.00166
   0.03333
  -0.10215
   0.05030
   0.02865
   0.03343
   0.00350
  -0.01889
   0.05640
  -0.00703
   0.10672
   0.01905
   0.06262
  -0.10619
   0.07921
  -0.05963
  -0.07598
  -0.10875
   0.04315
  -0.07030
  -0.01235
   0.11250
  -0.01130
   0.01143
   0.12486
  -0.03788
   0.01050
   0.04597
   0.03620
   0.00241
  -0.01514
   0.00859
   0.04258
   0.05298
   0.02339
   0.02612
   0.05663
   0.04839
   0.02692
   0.04438
   0.04590
   0.00688
   0.06701
   0.08682
  -0.03254
   0.00642
   0.04268
  -0.00731
   0.05355
   0.05470
  -0.01596
   0.03697
  -0.07712
   0.01133
   0.01031
   0.03477
  -0.12183
   0.00614
   0.05038
  -0.01163
  -0.04588
  -0.03251
   0.00480
   0.03471
  -0.00618
  -0.01711
  -0.00190
  -0.14650
  -0.04701
  -0.20866
   0.31343
   0.03788
  -0.02591
  -0.04331
   0.18110
   0.01467
   0.03465
   0.05582
   0.03142
  -0.11618
  -0.06023
  -0.03025
   0.09908
   0.05509
  -0.11899
   0.04693
  -0.06897
   0.10889
  -0.03188
  -0.02946
   0.03357
  -0.02778
   0.04786
   0.07363
  -0.03828
  -0.14594
   0.06445
  -0.15046
  -0.03024
  -0.01114
  -0.07029
  -0.00488
   0.10123
  -0.04260
   0.10773
  -0.00426
  -0.07692
   0.04954
  -0.01333
  -0.01126
  -0.04100
  -0.06793
   0.14910
   0.05011
  -0.04721
   0.08784
   0.01325
  -0.01235
  -0.06250
   0.06222
   0.13975
   0.00555
  -0.04044
   0.01877
   0.03788
  -0.07701
   0.07570
  -0.01852
   0.05623
  -0.01079
  -0.03818
   0.09452
   0.00622
  -0.05190
  -0.06642
   0.06509
   0.00556
   0.05341
  -0.00245
   0.09187
  -0.01197
   0.05281
  -0.06270
   0.06355
   0.07421
  -0.02360
   0.00906
   0.02126
   0.07533
   0.10440
  -0.07313
  -0.00270
  -0.08238
   0.01042
  -0.05891
   0.07199
  -0.00204
  -0.00147
  -0.07090
  -0.07377
   0.06066
  -0.05229
  -0.05931
   0.03519
   0.09946
   0.02627
   0.03040
   0.03665
   0.02266
   0.01329
  -0.01516
   0.01343
   0.11340
  -0.08254
   0.07994
   0.00942
   0.03547
   0.00130
  -0.00777
   0.02872
  -0.07545
  -0.02213
   0.06506
   0.00797
  -0.02258
  -0.06386
   0.08346
  -0.10135
   0.01805
  -0.01490
   0.04992
   0.02305
   0.06817
   0.02128
   0.04870
   0.05006
  -0.02980
   0.06757
   0.04419
   0.00222
   0.01816
  -0.05148
   0.07621
   0.11588
   0.06077
   0.00456
   0.10100
   0.15685
  -0.00430
   0.11239
   0.08756
   0.01914
   0.08568
  -0.14335
   0.10279
   0.01726
   0.12602
   0.10999
   0.12182
   0.00600
  -0.04608
   0.07373
   0.08003
   0.10997
   0.08415
   0.01223
  -0.12266
  -0.06336
  -0.06294
  -0.04890
   0.10338
  -0.05064
   0.00239
   0.01747
   0.05986
  -0.00667
  -0.01128
   0.05239
  -0.00866
  -0.00664
   0.02212
   0.12987
  -0.02107
   0.02012
   0.05405
   0.02249
  -0.03604
   0.13645
  -0.02862
   0.03237
   0.02805
   0.01284
  -0.01173
  -0.06774
  -0.05363
   0.02303
   0.05396
   0.13584
   0.04834
   0.02738
  -0.07787
  -0.06738
   0.00985
   0.12195
   0.04852
   0.01808
   0.11612
   0.03853
   0.02133
   0.10325
  -0.01842
   0.10872
  -0.00967
   0.02562
   0.05476
   0.06648
   0.14179
  -0.05631
   0.00318
  -0.06224
  -0.01444
   0.04224
  -0.02769
   0.06410
  -0.05783
  -0.08483
  -0.01404
   0.02849
  -0.03324
  -0.06916
  -0.04644
  -0.07468
   0.04594
   0.03378
  -0.06536
  -0.13732
   0.04082
  -0.02651
   0.04472
   0.06615
   0.01182
   0.06182
  -0.11301
  -0.07243
  -0.00420
   0.02954
  -0.01541
  -0.00420
   0.15190
   0.05275
   0.00000
   0.04561
   0.03154
   0.05574
   0.05280
   0.01298
   0.00587
   0.09621
   0.05160
   0.05089
  -0.03390
   0.12962
   0.02679
   0.07609
   0.06610
   0.06857
  -0.05526
  -0.05525
  -0.02811
   0.06818
   0.00526
  -0.00580
   0.02140
   0.07848
   0.04973
   0.12352
  -0.03584
   0.13815
   0.01655
  -0.08092
   0.07270
  -0.00553
   0.14306
   0.01527
  -0.11613
   0.09340
  -0.10694
   0.06232
   0.12274
   0.10731
   0.08679
   0.00843
  -0.05997
  -0.02905
   0.14701
  -0.07617
  -0.06171
   0.12218
   0.04245
   0.14854
  -0.04567
  -0.00508
   0.11073
  -0.01356
  -0.12168
  -0.03908
   0.09272
  -0.08149
  -0.00647
  -0.03103
   0.22758
  -0.01100
  -0.14246
