   3m    6m   yr   mon day
  2.82  3.07 1958. 12. 12.
  2.82  3.04 1958. 12. 19.
  2.71  2.97 1958. 12. 26.
  2.67  2.92 1959.  1.  2.
  2.72  2.98 1959.  1.  9.
  2.86  3.05 1959.  1. 16.
  2.97  3.23 1959.  1. 23.
  2.77  3.14 1959.  1. 30.
  2.70  3.12 1959.  2.  6.
  2.72  3.20 1959.  2. 13.
  2.63  3.07 1959.  2. 20.
  2.76  3.13 1959.  2. 27.
  2.84  3.14 1959.  3.  6.
  2.85  3.15 1959.  3. 13.
  2.77  3.09 1959.  3. 20.
  2.76  3.11 1959.  3. 27.
  2.84  3.20 1959.  4.  3.
  2.96  3.25 1959.  4. 10.
  3.09  3.36 1959.  4. 17.
  2.98  3.33 1959.  4. 24.
  2.81  3.17 1959.  5.  1.
  2.83  3.29 1959.  5.  8.
  2.76  3.35 1959.  5. 15.
  2.85  3.32 1959.  5. 22.
  2.92  3.36 1959.  5. 29.
  3.15  3.47 1959.  6.  5.
  3.27  3.51 1959.  6. 12.
  3.24  3.47 1959.  6. 19.
  3.22  3.59 1959.  6. 26.
  3.16  3.68 1959.  7.  3.
  3.28  3.89 1959.  7. 10.
  3.37  3.90 1959.  7. 17.
  3.15  3.81 1959.  7. 24.
  3.01  3.76 1959.  7. 31.
  3.00  3.68 1959.  8.  7.
  3.17  3.66 1959.  8. 14.
  3.50  3.84 1959.  8. 21.
  3.73  4.18 1959.  8. 28.
  3.95  4.48 1959.  9.  4.
  4.02  4.55 1959.  9. 11.
  4.13  4.82 1959.  9. 18.
  3.98  4.77 1959.  9. 25.
  4.10  4.80 1959. 10.  2.
  4.02  4.59 1959. 10.  9.
  4.24  4.65 1959. 10. 16.
  3.99  4.45 1959. 10. 23.
  4.00  4.37 1959. 10. 30.
  4.03  4.42 1959. 11.  6.
  4.04  4.50 1959. 11. 13.
  4.20  4.57 1959. 11. 20.
  4.25  4.62 1959. 11. 27.
  4.50  4.86 1959. 12.  4.
  4.48  4.81 1959. 12. 11.
  4.49  4.77 1959. 12. 18.
  4.58  4.90 1959. 12. 25.
  4.40  4.91 1960.  1.  1.
  4.59  5.07 1960.  1.  8.
  4.53  4.81 1960.  1. 15.
  4.27  4.60 1960.  1. 22.
  4.01  4.49 1960.  1. 29.
  3.94  4.42 1960.  2.  5.
  3.67  4.08 1960.  2. 12.
  4.04  4.30 1960.  2. 19.
  4.14  4.34 1960.  2. 26.
  3.92  4.27 1960.  3.  4.
  3.60  3.87 1960.  3. 11.
  3.41  3.57 1960.  3. 18.
  2.84  3.17 1960.  3. 25.
  2.88  3.21 1960.  4.  1.
  2.96  3.18 1960.  4.  8.
  3.56  3.86 1960.  4. 15.
  3.34  3.73 1960.  4. 22.
  3.19  3.58 1960.  4. 29.
  3.08  3.41 1960.  5.  6.
  3.32  3.55 1960.  5. 13.
  3.50  3.77 1960.  5. 20.
  3.29  3.64 1960.  5. 27.
  2.94  3.18 1960.  6.  3.
  2.61  2.80 1960.  6. 10.
  2.31  2.52 1960.  6. 17.
  2.39  2.76 1960.  6. 24.
  2.18  2.64 1960.  7.  1.
  2.27  2.85 1960.  7.  8.
  2.41  2.87 1960.  7. 15.
  2.31  2.62 1960.  7. 22.
  2.24  2.56 1960.  7. 29.
  2.13  2.39 1960.  8.  5.
  2.18  2.48 1960.  8. 12.
  2.31  2.66 1960.  8. 19.
  2.43  2.70 1960.  8. 26.
  2.53  2.82 1960.  9.  2.
  2.56  2.83 1960.  9.  9.
  2.58  2.87 1960.  9. 16.
  2.43  2.80 1960.  9. 23.
  2.35  2.82 1960.  9. 30.
  2.41  2.88 1960. 10.  7.
  2.55  2.88 1960. 10. 14.
  2.23  2.71 1960. 10. 21.
  2.11  2.53 1960. 10. 28.
  2.20  2.50 1960. 11.  4.
  2.40  2.59 1960. 11. 11.
  2.46  2.75 1960. 11. 18.
  2.38  2.71 1960. 11. 25.
  2.35  2.70 1960. 12.  2.
  2.28  2.62 1960. 12.  9.
  2.25  2.50 1960. 12. 16.
  2.24  2.42 1960. 12. 23.
  2.19  2.38 1960. 12. 30.
  2.28  2.49 1961.  1.  6.
  2.28  2.51 1961.  1. 13.
  2.25  2.46 1961.  1. 20.
  2.17  2.42 1961.  1. 27.
  2.29  2.49 1961.  2.  3.
  2.35  2.55 1961.  2. 10.
  2.41  2.59 1961.  2. 17.
  2.51  2.68 1961.  2. 24.
  2.56  2.75 1961.  3.  3.
  2.44  2.56 1961.  3. 10.
  2.35  2.47 1961.  3. 17.
  2.28  2.45 1961.  3. 24.
  2.38  2.54 1961.  3. 31.
  2.36  2.58 1961.  4.  7.
  2.31  2.52 1961.  4. 14.
  2.25  2.41 1961.  4. 21.
  2.23  2.35 1961.  4. 28.
  2.22  2.38 1961.  5.  5.
  2.23  2.40 1961.  5. 12.
  2.29  2.43 1961.  5. 19.
  2.39  2.53 1961.  5. 26.
  2.39  2.60 1961.  6.  2.
  2.40  2.64 1961.  6.  9.
  2.32  2.50 1961.  6. 16.
  2.31  2.50 1961.  6. 23.
  2.27  2.45 1961.  6. 30.
  2.31  2.49 1961.  7.  7.
  2.25  2.46 1961.  7. 14.
  2.19  2.39 1961.  7. 21.
  2.22  2.46 1961.  7. 28.
  2.28  2.51 1961.  8.  4.
  2.38  2.64 1961.  8. 11.
  2.50  2.78 1961.  8. 18.
  2.43  2.71 1961.  8. 25.
  2.34  2.65 1961.  9.  1.
  2.32  2.67 1961.  9.  8.
  2.29  2.68 1961.  9. 15.
  2.26  2.69 1961.  9. 22.
  2.25  2.69 1961.  9. 29.
  2.28  2.64 1961. 10.  6.
  2.35  2.67 1961. 10. 13.
  2.29  2.68 1961. 10. 20.
  2.29  2.67 1961. 10. 27.
  2.28  2.58 1961. 11.  3.
  2.40  2.61 1961. 11. 10.
  2.53  2.74 1961. 11. 17.
  2.54  2.73 1961. 11. 24.
  2.56  2.78 1961. 12.  1.
  2.58  2.88 1961. 12.  8.
  2.59  2.89 1961. 12. 15.
  2.61  2.86 1961. 12. 22.
  2.66  2.90 1961. 12. 29.
  2.72  2.97 1962.  1.  5.
  2.78  3.02 1962.  1. 12.
  2.73  2.90 1962.  1. 19.
  2.67  2.89 1962.  1. 26.
  2.69  2.92 1962.  2.  2.
  2.70  2.92 1962.  2.  9.
  2.81  3.00 1962.  2. 16.
  2.74  2.93 1962.  2. 23.
  2.69  2.87 1962.  3.  2.
  2.74  2.88 1962.  3.  9.
  2.74  2.91 1962.  3. 16.
  2.70  2.84 1962.  3. 23.
  2.73  2.86 1962.  3. 30.
  2.72  2.82 1962.  4.  6.
  2.74  2.84 1962.  4. 13.
  2.72  2.82 1962.  4. 20.
  2.73  2.83 1962.  4. 27.
  2.74  2.83 1962.  5.  4.
  2.67  2.77 1962.  5. 11.
  2.67  2.77 1962.  5. 18.
  2.69  2.77 1962.  5. 25.
  2.68  2.76 1962.  6.  1.
  2.65  2.74 1962.  6.  8.
  2.69  2.76 1962.  6. 15.
  2.73  2.80 1962.  6. 22.
  2.84  2.90 1962.  6. 29.
  2.92  3.00 1962.  7.  6.
  2.97  3.09 1962.  7. 13.
  2.95  3.13 1962.  7. 20.
  2.88  3.09 1962.  7. 27.
  2.85  3.03 1962.  8.  3.
  2.83  3.03 1962.  8. 10.
  2.84  3.00 1962.  8. 17.
  2.82  2.96 1962.  8. 24.
  2.80  2.93 1962.  8. 31.
  2.82  2.95 1962.  9.  7.
  2.78  2.93 1962.  9. 14.
  2.77  2.93 1962.  9. 21.
  2.75  2.90 1962.  9. 28.
  2.75  2.89 1962. 10.  5.
  2.76  2.86 1962. 10. 12.
  2.74  2.84 1962. 10. 19.
  2.74  2.83 1962. 10. 26.
  2.74  2.82 1962. 11.  2.
  2.82  2.87 1962. 11.  9.
  2.83  2.86 1962. 11. 16.
  2.84  2.90 1962. 11. 23.
  2.86  2.94 1962. 11. 30.
  2.85  2.91 1962. 12.  7.
  2.84  2.88 1962. 12. 14.
  2.88  2.90 1962. 12. 21.
  2.89  2.93 1962. 12. 28.
  2.89  2.94 1963.  1.  4.
  2.90  2.95 1963.  1. 11.
  2.90  2.95 1963.  1. 18.
  2.93  2.99 1963.  1. 25.
  2.93  2.99 1963.  2.  1.
  2.95  3.00 1963.  2.  8.
  2.93  2.99 1963.  2. 15.
  2.90  2.96 1963.  2. 22.
  2.90  2.94 1963.  3.  1.
  2.89  2.93 1963.  3.  8.
  2.88  2.94 1963.  3. 15.
  2.90  2.96 1963.  3. 22.
  2.91  2.98 1963.  3. 29.
  2.91  2.98 1963.  4.  5.
  2.90  2.98 1963.  4. 12.
  2.90  3.00 1963.  4. 19.
  2.89  2.98 1963.  4. 26.
  2.90  2.99 1963.  5.  3.
  2.91  2.99 1963.  5. 10.
  2.90  2.99 1963.  5. 17.
  2.94  3.02 1963.  5. 24.
  2.98  3.06 1963.  5. 31.
  3.00  3.08 1963.  6.  7.
  2.98  3.07 1963.  6. 14.
  2.98  3.08 1963.  6. 21.
  2.99  3.07 1963.  6. 28.
  3.03  3.12 1963.  7.  5.
  3.22  3.34 1963.  7. 12.
  3.19  3.36 1963.  7. 19.
  3.19  3.36 1963.  7. 26.
  3.24  3.38 1963.  8.  2.
  3.26  3.39 1963.  8.  9.
  3.32  3.43 1963.  8. 16.
  3.36  3.47 1963.  8. 23.
  3.39  3.49 1963.  8. 30.
  3.36  3.47 1963.  9.  6.
  3.36  3.48 1963.  9. 13.
  3.41  3.51 1963.  9. 20.
  3.38  3.51 1963.  9. 27.
  3.41  3.53 1963. 10.  4.
  3.45  3.56 1963. 10. 11.
  3.47  3.59 1963. 10. 18.
  3.44  3.60 1963. 10. 25.
  3.47  3.59 1963. 11.  1.
  3.54  3.65 1963. 11.  8.
  3.55  3.68 1963. 11. 15.
  3.51  3.65 1963. 11. 22.
  3.48  3.63 1963. 11. 29.
  3.52  3.68 1963. 12.  6.
  3.50  3.66 1963. 12. 13.
  3.53  3.67 1963. 12. 20.
  3.52  3.65 1963. 12. 27.
  3.52  3.65 1964.  1.  3.
  3.53  3.66 1964.  1. 10.
  3.54  3.65 1964.  1. 17.
  3.52  3.63 1964.  1. 24.
  3.50  3.61 1964.  1. 31.
  3.51  3.63 1964.  2.  7.
  3.52  3.66 1964.  2. 14.
  3.53  3.68 1964.  2. 21.
  3.56  3.72 1964.  2. 28.
  3.56  3.74 1964.  3.  6.
  3.54  3.72 1964.  3. 13.
  3.54  3.72 1964.  3. 20.
  3.54  3.73 1964.  3. 27.
  3.52  3.70 1964.  4.  3.
  3.48  3.69 1964.  4. 10.
  3.47  3.67 1964.  4. 17.
  3.45  3.64 1964.  4. 24.
  3.45  3.60 1964.  5.  1.
  3.49  3.63 1964.  5.  8.
  3.47  3.59 1964.  5. 15.
  3.47  3.60 1964.  5. 22.
  3.47  3.59 1964.  5. 29.
  3.47  3.57 1964.  6.  5.
  3.47  3.57 1964.  6. 12.
  3.49  3.58 1964.  6. 19.
  3.47  3.53 1964.  6. 26.
  3.48  3.51 1964.  7.  3.
  3.48  3.53 1964.  7. 10.
  3.43  3.55 1964.  7. 17.
  3.46  3.61 1964.  7. 24.
  3.46  3.57 1964.  7. 31.
  3.48  3.58 1964.  8.  7.
  3.51  3.62 1964.  8. 14.
  3.50  3.63 1964.  8. 21.
  3.50  3.62 1964.  8. 28.
  3.50  3.64 1964.  9.  4.
  3.52  3.67 1964.  9. 11.
  3.54  3.69 1964.  9. 18.
  3.54  3.70 1964.  9. 25.
  3.55  3.71 1964. 10.  2.
  3.57  3.73 1964. 10.  9.
  3.59  3.72 1964. 10. 16.
  3.58  3.74 1964. 10. 23.
  3.56  3.71 1964. 10. 30.
  3.57  3.73 1964. 11.  6.
  3.58  3.74 1964. 11. 13.
  3.61  3.78 1964. 11. 20.
  3.79  3.96 1964. 11. 27.
  3.82  3.97 1964. 12.  4.
  3.81  3.94 1964. 12. 11.
  3.86  3.95 1964. 12. 18.
  3.86  3.95 1964. 12. 25.
  3.83  3.93 1965.  1.  1.
  3.80  3.92 1965.  1.  8.
  3.77  3.94 1965.  1. 15.
  3.81  3.94 1965.  1. 22.
  3.85  3.94 1965.  1. 29.
  3.89  3.97 1965.  2.  5.
  3.90  3.99 1965.  2. 12.
  3.94  4.02 1965.  2. 19.
  3.99  4.04 1965.  2. 26.
  3.96  4.02 1965.  3.  5.
  3.94  4.01 1965.  3. 12.
  3.92  3.99 1965.  3. 19.
  3.91  3.98 1965.  3. 26.
  3.92  3.99 1965.  4.  2.
  3.93  3.98 1965.  4.  9.
  3.93  4.00 1965.  4. 16.
  3.93  4.00 1965.  4. 23.
  3.91  3.98 1965.  4. 30.
  3.89  3.95 1965.  5.  7.
  3.89  3.96 1965.  5. 14.
  3.90  3.95 1965.  5. 21.
  3.88  3.94 1965.  5. 28.
  3.85  3.92 1965.  6.  4.
  3.81  3.88 1965.  6. 11.
  3.80  3.86 1965.  6. 18.
  3.78  3.82 1965.  6. 25.
  3.81  3.85 1965.  7.  2.
  3.87  3.90 1965.  7.  9.
  3.86  3.93 1965.  7. 16.
  3.82  3.89 1965.  7. 23.
  3.81  3.88 1965.  7. 30.
  3.84  3.94 1965.  8.  6.
  3.83  3.93 1965.  8. 13.
  3.82  3.93 1965.  8. 20.
  3.86  3.96 1965.  8. 27.
  3.88  4.00 1965.  9.  3.
  3.90  4.04 1965.  9. 10.
  3.88  4.04 1965.  9. 17.
  3.94  4.11 1965.  9. 24.
  4.02  4.17 1965. 10.  1.
  4.01  4.17 1965. 10.  8.
  4.01  4.18 1965. 10. 15.
  4.04  4.20 1965. 10. 22.
  4.05  4.19 1965. 10. 29.
  4.07  4.22 1965. 11.  5.
  4.07  4.24 1965. 11. 12.
  4.09  4.25 1965. 11. 19.
  4.11  4.26 1965. 11. 26.
  4.12  4.26 1965. 12.  3.
  4.34  4.47 1965. 12. 10.
  4.41  4.58 1965. 12. 17.
  4.48  4.67 1965. 12. 24.
  4.48  4.67 1965. 12. 31.
  4.54  4.71 1966.  1.  7.
  4.60  4.73 1966.  1. 14.
  4.62  4.73 1966.  1. 21.
  4.58  4.67 1966.  1. 28.
  4.64  4.76 1966.  2.  4.
  4.64  4.78 1966.  2. 11.
  4.67  4.87 1966.  2. 18.
  4.66  4.87 1966.  2. 25.
  4.62  4.81 1966.  3.  4.
  4.63  4.83 1966.  3. 11.
  4.64  4.83 1966.  3. 18.
  4.51  4.71 1966.  3. 25.
  4.52  4.73 1966.  4.  1.
  4.54  4.69 1966.  4.  8.
  4.65  4.78 1966.  4. 15.
  4.65  4.74 1966.  4. 22.
  4.64  4.74 1966.  4. 29.
  4.67  4.80 1966.  5.  6.
  4.61  4.79 1966.  5. 13.
  4.64  4.83 1966.  5. 20.
  4.64  4.83 1966.  5. 27.
  4.59  4.75 1966.  6.  3.
  4.58  4.73 1966.  6. 10.
  4.53  4.63 1966.  6. 17.
  4.40  4.53 1966.  6. 24.
  4.47  4.68 1966.  7.  1.
  4.69  4.85 1966.  7.  8.
  4.87  5.00 1966.  7. 15.
  4.90  5.00 1966.  7. 22.
  4.73  4.89 1966.  7. 29.
  4.82  4.99 1966.  8.  5.
  4.88  5.13 1966.  8. 12.
  5.06  5.37 1966.  8. 19.
  5.02  5.41 1966.  8. 26.
  5.07  5.58 1966.  9.  2.
  5.20  5.71 1966.  9.  9.
  5.42  5.91 1966.  9. 16.
  5.54  5.93 1966.  9. 23.
  5.40  5.69 1966.  9. 30.
  5.39  5.66 1966. 10.  7.
  5.45  5.71 1966. 10. 14.
  5.37  5.61 1966. 10. 21.
  5.23  5.53 1966. 10. 28.
  5.30  5.57 1966. 11.  4.
  5.41  5.68 1966. 11. 11.
  5.39  5.63 1966. 11. 18.
  5.26  5.49 1966. 11. 25.
  5.17  5.26 1966. 12.  2.
  5.16  5.26 1966. 12.  9.
  4.97  5.05 1966. 12. 16.
  4.82  4.93 1966. 12. 23.
  4.80  4.92 1966. 12. 30.
  4.80  4.90 1967.  1.  6.
  4.81  4.84 1967.  1. 13.
  4.71  4.70 1967.  1. 20.
  4.66  4.65 1967.  1. 27.
  4.49  4.49 1967.  2.  3.
  4.54  4.54 1967.  2. 10.
  4.61  4.66 1967.  2. 17.
  4.61  4.69 1967.  2. 24.
  4.46  4.47 1967.  3.  3.
  4.37  4.37 1967.  3. 10.
  4.28  4.21 1967.  3. 17.
  4.15  4.07 1967.  3. 24.
  4.13  4.09 1967.  3. 31.
  3.95  4.00 1967.  4.  7.
  3.85  3.89 1967.  4. 14.
  3.83  3.88 1967.  4. 21.
  3.72  3.81 1967.  4. 28.
  3.72  3.86 1967.  5.  5.
  3.66  3.83 1967.  5. 12.
  3.59  3.79 1967.  5. 19.
  3.50  3.74 1967.  5. 26.
  3.43  3.74 1967.  6.  2.
  3.41  3.77 1967.  6.  9.
  3.57  3.86 1967.  6. 16.
  3.47  3.82 1967.  6. 23.
  3.75  4.17 1967.  6. 30.
  4.20  4.62 1967.  7.  7.
  4.18  4.68 1967.  7. 14.
  4.20  4.77 1967.  7. 21.
  4.25  4.83 1967.  7. 28.
  4.16  4.68 1967.  8.  4.
  4.17  4.79 1967.  8. 11.
  4.21  4.80 1967.  8. 18.
  4.36  4.95 1967.  8. 25.
  4.41  4.87 1967.  9.  1.
  4.30  4.83 1967.  9.  8.
  4.37  4.93 1967.  9. 15.
  4.54  5.05 1967.  9. 22.
  4.47  5.05 1967.  9. 29.
  4.49  5.04 1967. 10.  6.
  4.57  5.04 1967. 10. 13.
  4.62  5.12 1967. 10. 20.
  4.56  5.08 1967. 10. 27.
  4.57  5.07 1967. 11.  3.
  4.64  5.13 1967. 11. 10.
  4.63  5.13 1967. 11. 17.
  4.86  5.44 1967. 11. 24.
  4.93  5.49 1967. 12.  1.
  4.92  5.50 1967. 12.  8.
  4.97  5.50 1967. 12. 15.
  4.98  5.46 1967. 12. 22.
  5.01  5.49 1967. 12. 29.
  5.01  5.40 1968.  1.  5.
  5.07  5.31 1968.  1. 12.
  5.02  5.25 1968.  1. 19.
  4.97  5.16 1968.  1. 26.
  4.85  5.00 1968.  2.  2.
  5.00  5.23 1968.  2.  9.
  4.97  5.15 1968.  2. 16.
  4.97  5.16 1968.  2. 23.
  5.03  5.21 1968.  3.  1.
  5.04  5.23 1968.  3.  8.
  5.26  5.44 1968.  3. 15.
  5.25  5.36 1968.  3. 22.
  5.14  5.32 1968.  3. 29.
  5.20  5.29 1968.  4.  5.
  5.35  5.44 1968.  4. 12.
  5.40  5.51 1968.  4. 19.
  5.50  5.63 1968.  4. 26.
  5.50  5.66 1968.  5.  3.
  5.53  5.72 1968.  5. 10.
  5.68  5.86 1968.  5. 17.
  5.82  6.00 1968.  5. 24.
  5.70  5.86 1968.  5. 31.
  5.66  5.72 1968.  6.  7.
  5.69  5.75 1968.  6. 14.
  5.45  5.58 1968.  6. 21.
  5.30  5.51 1968.  6. 28.
  5.35  5.43 1968.  7.  5.
  5.37  5.44 1968.  7. 12.
  5.38  5.47 1968.  7. 19.
  5.23  5.35 1968.  7. 26.
  5.09  5.25 1968.  8.  2.
  4.96  5.17 1968.  8.  9.
  5.12  5.29 1968.  8. 16.
  5.15  5.24 1968.  8. 23.
  5.19  5.26 1968.  8. 30.
  5.21  5.21 1968.  9.  6.
  5.28  5.32 1968.  9. 13.
  5.18  5.24 1968.  9. 20.
  5.12  5.24 1968.  9. 27.
  5.20  5.31 1968. 10.  4.
  5.32  5.38 1968. 10. 11.
  5.35  5.43 1968. 10. 18.
  5.40  5.43 1968. 10. 25.
  5.48  5.50 1968. 11.  1.
  5.49  5.59 1968. 11.  8.
  5.42  5.61 1968. 11. 15.
  5.43  5.61 1968. 11. 22.
  5.47  5.58 1968. 11. 29.
  5.66  5.77 1968. 12.  6.
  5.84  5.93 1968. 12. 13.
  6.03  6.11 1968. 12. 20.
  6.22  6.36 1968. 12. 27.
  6.20  6.33 1969.  1.  3.
  6.18  6.36 1969.  1. 10.
  6.11  6.26 1969.  1. 17.
  6.11  6.25 1969.  1. 24.
  6.16  6.26 1969.  1. 31.
  6.19  6.34 1969.  2.  7.
  6.09  6.29 1969.  2. 14.
  6.09  6.27 1969.  2. 21.
  6.11  6.30 1969.  2. 28.
  6.11  6.27 1969.  3.  7.
  6.01  6.17 1969.  3. 14.
  6.00  6.16 1969.  3. 21.
  5.94  6.06 1969.  3. 28.
  6.05  6.09 1969.  4.  4.
  6.15  6.16 1969.  4. 11.
  6.20  6.20 1969.  4. 18.
  6.13  6.13 1969.  4. 25.
  5.93  6.02 1969.  5.  2.
  5.98  6.07 1969.  5.  9.
  6.08  6.19 1969.  5. 16.
  6.06  6.13 1969.  5. 23.
  6.10  6.29 1969.  5. 30.
  6.26  6.59 1969.  6.  6.
  6.67  6.90 1969.  6. 13.
  6.56  6.69 1969.  6. 20.
  6.30  6.84 1969.  6. 27.
  6.63  7.01 1969.  7.  4.
  6.96  7.21 1969.  7. 11.
  7.02  7.35 1969.  7. 18.
  7.12  7.31 1969.  7. 25.
  7.09  7.20 1969.  8.  1.
  6.98  7.11 1969.  8.  8.
  7.00  7.26 1969.  8. 15.
  6.87  7.15 1969.  8. 22.
  7.07  7.27 1969.  8. 29.
  7.03  7.25 1969.  9.  5.
  7.11  7.36 1969.  9. 12.
  7.13  7.34 1969.  9. 19.
  7.10  7.31 1969.  9. 26.
  7.06  7.32 1969. 10.  3.
  6.99  7.34 1969. 10. 10.
  7.02  7.30 1969. 10. 17.
  6.94  7.23 1969. 10. 24.
  7.00  7.26 1969. 10. 31.
  7.07  7.38 1969. 11.  7.
  7.15  7.45 1969. 11. 14.
  7.25  7.73 1969. 11. 21.
  7.50  7.89 1969. 11. 28.
  7.60  7.83 1969. 12.  5.
  7.82  7.92 1969. 12. 12.
  7.88  7.89 1969. 12. 19.
  7.84  7.84 1969. 12. 26.
  8.02  8.03 1970.  1.  2.
  7.91  7.92 1970.  1.  9.
  7.83  7.64 1970.  1. 16.
  7.83  7.70 1970.  1. 23.
  7.89  7.80 1970.  1. 30.
  7.61  7.60 1970.  2.  6.
  7.20  7.28 1970.  2. 13.
  6.79  7.00 1970.  2. 20.
  6.88  6.95 1970.  2. 27.
  6.89  6.80 1970.  3.  6.
  6.76  6.66 1970.  3. 13.
  6.71  6.59 1970.  3. 20.
  6.16  6.26 1970.  3. 27.
  6.35  6.42 1970.  4.  3.
  6.40  6.40 1970.  4. 10.
  6.37  6.35 1970.  4. 17.
  6.59  6.74 1970.  4. 24.
  6.86  7.16 1970.  5.  1.
  6.82  6.93 1970.  5.  8.
  6.80  7.01 1970.  5. 15.
  6.73  6.95 1970.  5. 22.
  7.00  7.15 1970.  5. 29.
  6.82  6.86 1970.  6.  5.
  6.76  6.93 1970.  6. 12.
  6.71  6.96 1970.  6. 19.
  6.51  6.80 1970.  6. 26.
  6.46  6.50 1970.  7.  3.
  6.62  6.69 1970.  7. 10.
  6.46  6.52 1970.  7. 17.
  6.34  6.41 1970.  7. 24.
  6.37  6.46 1970.  7. 31.
  6.46  6.60 1970.  8.  7.
  6.53  6.65 1970.  8. 14.
  6.42  6.52 1970.  8. 21.
  6.25  6.45 1970.  8. 28.
  6.37  6.58 1970.  9.  4.
  6.40  6.57 1970.  9. 11.
  6.22  6.48 1970.  9. 18.
  5.80  6.28 1970.  9. 25.
  5.84  6.42 1970. 10.  2.
  6.03  6.35 1970. 10.  9.
  5.95  6.16 1970. 10. 16.
  5.83  6.15 1970. 10. 23.
  5.84  6.07 1970. 10. 30.
  5.56  5.81 1970. 11.  6.
  5.48  5.68 1970. 11. 13.
  5.19  5.31 1970. 11. 20.
  4.99  5.02 1970. 11. 27.
  4.97  4.96 1970. 12.  4.
  4.92  4.94 1970. 12. 11.
  4.77  4.80 1970. 12. 18.
  4.83  4.87 1970. 12. 25.
  4.88  4.89 1971.  1.  1.
  4.84  4.88 1971.  1.  8.
  4.51  4.54 1971.  1. 15.
  4.20  4.22 1971.  1. 22.
  4.20  4.24 1971.  1. 29.
  4.06  4.10 1971.  2.  5.
  3.70  3.75 1971.  2. 12.
  3.56  3.65 1971.  2. 19.
  3.43  3.58 1971.  2. 26.
  3.35  3.44 1971.  3.  5.
  3.28  3.39 1971.  3. 12.
  3.39  3.51 1971.  3. 19.
  3.37  3.54 1971.  3. 26.
  3.61  3.72 1971.  4.  2.
  3.79  3.86 1971.  4.  9.
  3.96  4.09 1971.  4. 16.
  3.81  4.02 1971.  4. 23.
  3.95  4.22 1971.  4. 30.
  3.85  4.20 1971.  5.  7.
  3.96  4.24 1971.  5. 14.
  4.37  4.51 1971.  5. 21.
  4.39  4.48 1971.  5. 28.
  4.30  4.52 1971.  6.  4.
  4.59  4.80 1971.  6. 11.
  4.95  5.17 1971.  6. 18.
  4.87  5.07 1971.  6. 25.
  5.19  5.38 1971.  7.  2.
  5.42  5.55 1971.  7.  9.
  5.38  5.52 1971.  7. 16.
  5.46  5.73 1971.  7. 23.
  5.40  5.78 1971.  7. 30.
  5.29  5.67 1971.  8.  6.
  5.25  5.67 1971.  8. 13.
  4.71  4.86 1971.  8. 20.
  4.68  4.88 1971.  8. 27.
  4.49  4.80 1971.  9.  3.
  4.63  4.92 1971.  9. 10.
  4.80  5.03 1971.  9. 17.
  4.75  5.04 1971.  9. 24.
  4.64  4.95 1971. 10.  1.
  4.53  4.72 1971. 10.  8.
  4.44  4.57 1971. 10. 15.
  4.47  4.56 1971. 10. 22.
  4.36  4.46 1971. 10. 29.
  4.18  4.34 1971. 11.  5.
  4.18  4.37 1971. 11. 12.
  4.14  4.30 1971. 11. 19.
  4.34  4.50 1971. 11. 26.
  4.28  4.42 1971. 12.  3.
  4.11  4.29 1971. 12. 10.
  4.04  4.27 1971. 12. 17.
  4.02  4.26 1971. 12. 24.
  3.73  4.03 1971. 12. 31.
  3.60  3.92 1972.  1.  7.
  3.17  3.44 1972.  1. 14.
  3.32  3.58 1972.  1. 21.
  3.46  3.71 1972.  1. 28.
  3.36  3.78 1972.  2.  4.
  3.10  3.56 1972.  2. 11.
  3.05  3.51 1972.  2. 18.
  3.23  3.64 1972.  2. 25.
  3.45  3.78 1972.  3.  3.
  3.57  3.86 1972.  3. 10.
  3.87  4.27 1972.  3. 17.
  3.82  4.27 1972.  3. 24.
  3.83  4.36 1972.  3. 31.
  3.81  4.39 1972.  4.  7.
  3.82  4.31 1972.  4. 14.
  3.64  4.19 1972.  4. 21.
  3.55  4.01 1972.  4. 28.
  3.57  4.03 1972.  5.  5.
  3.59  4.03 1972.  5. 12.
  3.76  4.23 1972.  5. 19.
  3.80  4.18 1972.  5. 26.
  3.83  4.20 1972.  6.  2.
  3.86  4.25 1972.  6.  9.
  3.87  4.29 1972.  6. 16.
  3.97  4.40 1972.  6. 23.
  3.97  4.51 1972.  6. 30.
  4.07  4.56 1972.  7.  7.
  4.05  4.55 1972.  7. 14.
  3.93  4.47 1972.  7. 21.
  3.94  4.46 1972.  7. 28.
  3.79  4.30 1972.  8.  4.
  3.86  4.38 1972.  8. 11.
  3.90  4.46 1972.  8. 18.
  4.13  4.70 1972.  8. 25.
  4.47  4.92 1972.  9.  1.
  4.71  5.06 1972.  9.  8.
  4.71  5.11 1972.  9. 15.
  4.66  5.14 1972.  9. 22.
  4.60  5.22 1972.  9. 29.
  4.66  5.16 1972. 10.  6.
  4.79  5.16 1972. 10. 13.
  4.78  5.12 1972. 10. 20.
  4.73  5.10 1972. 10. 27.
  4.74  5.08 1972. 11.  3.
  4.71  5.04 1972. 11. 10.
  4.76  5.07 1972. 11. 17.
  4.82  5.10 1972. 11. 24.
  4.88  5.18 1972. 12.  1.
  5.00  5.25 1972. 12.  8.
  5.05  5.27 1972. 12. 15.
  5.15  5.36 1972. 12. 22.
  5.13  5.34 1972. 12. 29.
  5.16  5.42 1973.  1.  5.
  5.19  5.47 1973.  1. 12.
  5.40  5.63 1973.  1. 19.
  5.67  5.81 1973.  1. 26.
  5.70  5.88 1973.  2.  2.
  5.56  5.76 1973.  2.  9.
  5.43  5.64 1973.  2. 16.
  5.58  5.84 1973.  2. 23.
  5.81  6.11 1973.  3.  2.
  5.85  6.29 1973.  3.  9.
  6.05  6.56 1973.  3. 16.
  6.31  6.70 1973.  3. 23.
  6.29  6.67 1973.  3. 30.
  6.45  6.68 1973.  4.  6.
  6.20  6.40 1973.  4. 13.
  6.16  6.43 1973.  4. 20.
  6.23  6.56 1973.  4. 27.
  6.24  6.56 1973.  5.  4.
  6.07  6.42 1973.  5. 11.
  6.22  6.48 1973.  5. 18.
  6.56  6.79 1973.  5. 25.
  6.91  6.99 1973.  6.  1.
  7.07  7.09 1973.  6.  8.
  7.15  7.16 1973.  6. 15.
  7.25  7.27 1973.  6. 22.
  7.32  7.43 1973.  6. 29.
  7.94  7.95 1973.  7.  6.
  7.78  7.86 1973.  7. 13.
  8.03  8.17 1973.  7. 20.
  8.17  8.35 1973.  7. 27.
  8.30  8.43 1973.  8.  3.
  8.70  8.79 1973.  8. 10.
  8.88  8.78 1973.  8. 17.
  8.71  8.57 1973.  8. 24.
  8.62  8.58 1973.  8. 31.
  8.80  8.75 1973.  9.  7.
  8.94  8.97 1973.  9. 14.
  8.38  8.52 1973.  9. 21.
  7.13  7.63 1973.  9. 28.
  7.42  7.59 1973. 10.  5.
  7.14  7.32 1973. 10. 12.
  7.16  7.24 1973. 10. 19.
  7.07  7.09 1973. 10. 26.
  7.38  7.43 1973. 11.  2.
  8.12  8.06 1973. 11.  9.
  8.11  8.30 1973. 11. 16.
  7.72  7.85 1973. 11. 23.
  7.52  7.77 1973. 11. 30.
  7.47  7.94 1973. 12.  7.
  7.51  7.52 1973. 12. 14.
  7.35  7.32 1973. 12. 21.
  7.50  7.46 1973. 12. 28.
  7.49  7.48 1974.  1.  4.
  7.72  7.66 1974.  1. 11.
  7.89  7.79 1974.  1. 18.
  7.99  7.81 1974.  1. 25.
  7.55  7.31 1974.  2.  1.
  7.03  6.91 1974.  2.  8.
  7.06  6.86 1974.  2. 15.
  7.07  6.87 1974.  2. 22.
  7.36  7.27 1974.  3.  1.
  7.71  7.53 1974.  3.  8.
  7.82  7.59 1974.  3. 15.
  8.06  8.02 1974.  3. 22.
  8.35  8.24 1974.  3. 29.
  8.51  8.31 1974.  4.  5.
  8.49  8.34 1974.  4. 12.
  8.05  8.18 1974.  4. 19.
  8.10  8.27 1974.  4. 26.
  8.81  8.73 1974.  5.  3.
  8.60  8.71 1974.  5. 10.
  8.00  8.12 1974.  5. 17.
  7.90  8.28 1974.  5. 24.
  8.04  8.26 1974.  5. 31.
  8.05  8.16 1974.  6.  7.
  8.23  8.32 1974.  6. 14.
  7.88  8.04 1974.  6. 21.
  7.45  7.96 1974.  6. 28.
  7.53  8.15 1974.  7.  5.
  7.45  8.05 1974.  7. 12.
  7.72  7.83 1974.  7. 19.
  7.43  7.64 1974.  7. 26.
  7.84  8.38 1974.  8.  2.
  8.75  8.82 1974.  8.  9.
  8.75  8.78 1974.  8. 16.
  9.29  9.41 1974.  8. 23.
  9.37  9.61 1974.  8. 30.
  9.34  9.39 1974.  9.  6.
  9.10  8.92 1974.  9. 13.
  7.64  8.30 1974.  9. 20.
  6.81  7.91 1974.  9. 27.
  6.64  7.66 1974. 10.  4.
  7.24  7.70 1974. 10. 11.
  7.73  7.79 1974. 10. 18.
  7.60  7.62 1974. 10. 25.
  7.95  7.86 1974. 11.  1.
  7.66  7.65 1974. 11.  8.
  7.26  7.39 1974. 11. 15.
  7.46  7.42 1974. 11. 22.
  7.45  7.57 1974. 11. 29.
  7.44  7.34 1974. 12.  6.
  7.24  7.04 1974. 12. 13.
  6.92  6.99 1974. 12. 20.
  7.01  7.11 1974. 12. 27.
  6.96  6.99 1975.  1.  3.
  6.59  6.64 1975.  1. 10.
  6.54  6.54 1975.  1. 17.
  5.98  6.14 1975.  1. 24.
  5.68  5.92 1975.  1. 31.
  5.61  5.65 1975.  2.  7.
  5.65  5.70 1975.  2. 14.
  5.25  5.43 1975.  2. 21.
  5.47  5.66 1975.  2. 28.
  5.57  5.68 1975.  3.  7.
  5.46  5.56 1975.  3. 14.
  5.41  5.54 1975.  3. 21.
  5.53  5.69 1975.  3. 28.
  5.62  5.90 1975.  4.  4.
  5.74  6.09 1975.  4. 11.
  5.44  5.86 1975.  4. 18.
  5.66  6.09 1975.  4. 25.
  5.51  5.95 1975.  5.  2.
  5.41  5.77 1975.  5.  9.
  5.04  5.51 1975.  5. 16.
  5.16  5.45 1975.  5. 23.
  5.23  5.50 1975.  5. 30.
  5.23  5.48 1975.  6.  6.
  5.00  5.25 1975.  6. 13.
  5.24  5.55 1975.  6. 20.
  5.80  6.07 1975.  6. 27.
  5.98  6.28 1975.  7.  4.
  6.06  6.39 1975.  7. 11.
  6.05  6.41 1975.  7. 18.
  6.27  6.65 1975.  7. 25.
  6.28  6.69 1975.  8.  1.
  6.42  6.88 1975.  8.  8.
  6.42  6.93 1975.  8. 15.
  6.46  7.00 1975.  8. 22.
  6.49  6.98 1975.  8. 29.
  6.38  6.89 1975.  9.  5.
  6.43  6.88 1975.  9. 12.
  6.45  6.97 1975.  9. 19.
  6.38  6.90 1975.  9. 26.
  6.46  6.91 1975. 10.  3.
  6.23  6.53 1975. 10. 10.
  6.01  6.25 1975. 10. 17.
  5.73  6.06 1975. 10. 24.
  5.58  5.82 1975. 10. 31.
  5.50  5.71 1975. 11.  7.
  5.37  5.65 1975. 11. 14.
  5.49  5.85 1975. 11. 21.
  5.54  5.98 1975. 11. 28.
  5.57  6.04 1975. 12.  5.
  5.60  6.06 1975. 12. 12.
  5.44  5.85 1975. 12. 19.
  5.28  5.60 1975. 12. 26.
  5.19  5.49 1976.  1.  2.
  5.07  5.32 1976.  1.  9.
  4.84  5.11 1976.  1. 16.
  4.78  5.06 1976.  1. 23.
  4.72  5.00 1976.  1. 30.
  4.90  5.15 1976.  2.  6.
  4.85  5.13 1976.  2. 13.
  4.87  5.22 1976.  2. 20.
  4.90  5.28 1976.  2. 27.
  5.20  5.65 1976.  3.  5.
  4.99  5.47 1976.  3. 12.
  4.98  5.43 1976.  3. 19.
  4.87  5.26 1976.  3. 26.
  4.97  5.34 1976.  4.  2.
  4.91  5.22 1976.  4.  9.
  4.80  5.04 1976.  4. 16.
  4.78  5.11 1976.  4. 23.
  4.88  5.24 1976.  4. 30.
  4.91  5.30 1976.  5.  7.
  5.11  5.51 1976.  5. 14.
  5.33  5.79 1976.  5. 21.
  5.47  5.89 1976.  5. 28.
  5.53  5.90 1976.  6.  4.
  5.44  5.75 1976.  6. 11.
  5.38  5.74 1976.  6. 18.
  5.34  5.71 1976.  6. 25.
  5.36  5.75 1976.  7.  2.
  5.34  5.61 1976.  7.  9.
  5.15  5.44 1976.  7. 16.
  5.23  5.54 1976.  7. 23.
  5.17  5.45 1976.  7. 30.
  5.16  5.46 1976.  8.  6.
  5.17  5.42 1976.  8. 13.
  5.15  5.40 1976.  8. 20.
  5.11  5.35 1976.  8. 27.
  5.09  5.35 1976.  9.  3.
  5.11  5.31 1976.  9. 10.
  5.10  5.31 1976.  9. 17.
  5.05  5.27 1976.  9. 24.
  5.06  5.30 1976. 10.  1.
  5.04  5.17 1976. 10.  8.
  4.86  4.98 1976. 10. 15.
  4.84  4.97 1976. 10. 22.
  4.90  5.07 1976. 10. 29.
  4.83  5.00 1976. 11.  5.
  4.92  5.06 1976. 11. 12.
  4.80  4.92 1976. 11. 19.
  4.60  4.68 1976. 11. 26.
  4.42  4.55 1976. 12.  3.
  4.41  4.52 1976. 12. 10.
  4.33  4.53 1976. 12. 17.
  4.27  4.47 1976. 12. 24.
  4.34  4.51 1976. 12. 31.
  4.49  4.64 1977.  1.  7.
  4.58  4.79 1977.  1. 14.
  4.65  4.86 1977.  1. 21.
  4.72  4.97 1977.  1. 28.
  4.71  4.99 1977.  2.  4.
  4.62  4.85 1977.  2. 11.
  4.63  4.84 1977.  2. 18.
  4.71  4.94 1977.  2. 25.
  4.66  4.93 1977.  3.  4.
  4.63  4.92 1977.  3. 11.
  4.59  4.87 1977.  3. 18.
  4.57  4.85 1977.  3. 25.
  4.57  4.81 1977.  4.  1.
  4.58  4.84 1977.  4.  8.
  4.55  4.75 1977.  4. 15.
  4.51  4.76 1977.  4. 22.
  4.51  4.84 1977.  4. 29.
  4.75  5.01 1977.  5.  6.
  4.96  5.23 1977.  5. 13.
  5.05  5.30 1977.  5. 20.
  5.06  5.25 1977.  5. 27.
  5.03  5.23 1977.  6.  3.
  5.06  5.24 1977.  6. 10.
  5.01  5.20 1977.  6. 17.
  5.01  5.22 1977.  6. 24.
  4.97  5.19 1977.  7.  1.
  5.12  5.29 1977.  7.  8.
  5.16  5.37 1977.  7. 15.
  5.21  5.43 1977.  7. 22.
  5.27  5.51 1977.  7. 29.
  5.35  5.69 1977.  8.  5.
  5.47  5.81 1977.  8. 12.
  5.56  5.92 1977.  8. 19.
  5.53  5.87 1977.  8. 26.
  5.56  5.86 1977.  9.  2.
  5.65  5.93 1977.  9.  9.
  5.86  6.05 1977.  9. 16.
  5.90  6.06 1977.  9. 23.
  5.89  6.16 1977.  9. 30.
  6.09  6.33 1977. 10.  7.
  6.32  6.52 1977. 10. 14.
  6.17  6.49 1977. 10. 21.
  6.09  6.37 1977. 10. 28.
  6.20  6.49 1977. 11.  4.
  6.15  6.44 1977. 11. 11.
  6.07  6.38 1977. 11. 18.
  6.06  6.37 1977. 11. 25.
  6.04  6.37 1977. 12.  2.
  6.07  6.38 1977. 12.  9.
  6.03  6.37 1977. 12. 16.
  6.03  6.40 1977. 12. 23.
  6.16  6.47 1977. 12. 30.
  6.20  6.45 1978.  1.  6.
  6.60  6.84 1978.  1. 13.
  6.48  6.74 1978.  1. 20.
  6.44  6.72 1978.  1. 27.
  6.42  6.70 1978.  2.  3.
  6.44  6.73 1978.  2. 10.
  6.48  6.79 1978.  2. 17.
  6.45  6.75 1978.  2. 24.
  6.39  6.70 1978.  3.  3.
  6.29  6.64 1978.  3. 10.
  6.27  6.61 1978.  3. 17.
  6.21  6.57 1978.  3. 24.
  6.34  6.66 1978.  3. 31.
  6.37  6.73 1978.  4.  7.
  6.29  6.70 1978.  4. 14.
  6.22  6.70 1978.  4. 21.
  6.26  6.80 1978.  4. 28.
  6.38  6.90 1978.  5.  5.
  6.37  6.99 1978.  5. 12.
  6.32  7.03 1978.  5. 19.
  6.51  7.13 1978.  5. 26.
  6.62  7.14 1978.  6.  2.
  6.62  7.12 1978.  6.  9.
  6.65  7.16 1978.  6. 16.
  6.79  7.31 1978.  6. 23.
  6.93  7.38 1978.  6. 30.
  7.05  7.43 1978.  7.  7.
  7.16  7.51 1978.  7. 14.
  7.05  7.47 1978.  7. 21.
  6.83  7.38 1978.  7. 28.
  6.80  7.24 1978.  8.  4.
  6.79  7.18 1978.  8. 11.
  7.12  7.40 1978.  8. 18.
  7.25  7.46 1978.  8. 25.
  7.50  7.65 1978.  9.  1.
  7.60  7.69 1978.  9.  8.
  7.77  7.87 1978.  9. 15.
  8.02  8.10 1978.  9. 22.
  7.96  8.28 1978.  9. 29.
  8.14  8.39 1978. 10.  6.
  7.98  8.39 1978. 10. 13.
  7.89  8.59 1978. 10. 20.
  7.70  8.57 1978. 10. 27.
  8.73  9.26 1978. 11.  3.
  8.79  9.42 1978. 11. 10.
  8.14  9.08 1978. 11. 17.
  8.63  9.07 1978. 11. 24.
  8.98  9.27 1978. 12.  1.
  8.93  9.24 1978. 12.  8.
  8.93  9.24 1978. 12. 15.
  9.28  9.58 1978. 12. 22.
  9.25  9.46 1978. 12. 29.
  9.34  9.45 1979.  1.  5.
  9.30  9.50 1979.  1. 12.
  9.44  9.56 1979.  1. 19.
  9.34  9.44 1979.  1. 26.
  9.28  9.34 1979.  2.  2.
  9.24  9.37 1979.  2.  9.
  9.28  9.36 1979.  2. 16.
  9.41  9.50 1979.  2. 23.
  9.44  9.50 1979.  3.  2.
  9.44  9.45 1979.  3.  9.
  9.51  9.51 1979.  3. 16.
  9.54  9.47 1979.  3. 23.
  9.46  9.43 1979.  3. 30.
  9.53  9.46 1979.  4.  6.
  9.70  9.65 1979.  4. 13.
  9.41  9.45 1979.  4. 20.
  9.23  9.40 1979.  4. 27.
  9.58  9.60 1979.  5.  4.
  9.63  9.61 1979.  5. 11.
  9.60  9.50 1979.  5. 18.
  9.64  9.49 1979.  5. 25.
  9.55  9.44 1979.  6.  1.
  9.36  9.29 1979.  6.  8.
  8.97  9.01 1979.  6. 15.
  8.96  8.99 1979.  6. 22.
  8.83  8.88 1979.  6. 29.
  9.10  8.97 1979.  7.  6.
  9.28  9.19 1979.  7. 13.
  9.31  9.31 1979.  7. 20.
  9.28  9.39 1979.  7. 27.
  9.23  9.31 1979.  8.  3.
  9.40  9.39 1979.  8. 10.
  9.52  9.47 1979.  8. 17.
  9.55  9.53 1979.  8. 24.
  9.74  9.70 1979.  8. 31.
 10.20 10.15 1979.  9.  7.
 10.45 10.27 1979.  9. 14.
 10.26 10.23 1979.  9. 21.
 10.14 10.16 1979.  9. 28.
 10.43 10.43 1979. 10.  5.
 11.62 11.53 1979. 10. 12.
 11.91 11.82 1979. 10. 19.
 12.60 12.54 1979. 10. 26.
 12.07 12.14 1979. 11.  2.
 12.25 12.28 1979. 11.  9.
 11.90 11.92 1979. 11. 16.
 11.77 11.84 1979. 11. 23.
 11.26 11.25 1979. 11. 30.
 11.75 11.65 1979. 12.  7.
 12.34 12.09 1979. 12. 14.
 12.06 11.80 1979. 12. 21.
 11.99 11.85 1979. 12. 28.
 12.10 11.93 1980.  1.  4.
 11.72 11.73 1980.  1. 11.
 11.91 11.77 1980.  1. 18.
 12.17 11.88 1980.  1. 25.
 12.15 11.96 1980.  2.  1.
 12.05 12.03 1980.  2.  8.
 12.36 12.46 1980.  2. 15.
 13.38 13.34 1980.  2. 22.
 13.78 13.82 1980.  2. 29.
 15.37 14.90 1980.  3.  7.
 15.32 15.02 1980.  3. 14.
 14.76 14.83 1980.  3. 21.
 15.55 15.42 1980.  3. 28.
 14.78 14.75 1980.  4.  4.
 14.30 14.11 1980.  4. 11.
 13.57 13.03 1980.  4. 18.
 12.18 11.72 1980.  4. 25.
 10.47 10.38 1980.  5.  2.
  9.14  9.09 1980.  5.  9.
  8.53  8.68 1980.  5. 16.
  8.15  8.26 1980.  5. 23.
  7.70  7.87 1980.  5. 30.
  7.51  7.77 1980.  6.  6.
  6.44  6.91 1980.  6. 13.
  6.76  6.93 1980.  6. 20.
  7.42  7.48 1980.  6. 27.
  7.92  7.88 1980.  7.  4.
  8.08  8.03 1980.  7. 11.
  7.98  7.99 1980.  7. 18.
  7.93  7.99 1980.  7. 25.
  8.44  8.49 1980.  8.  1.
  8.58  8.69 1980.  8.  8.
  8.60  8.91 1980.  8. 15.
  9.41  9.83 1980.  8. 22.
 10.01 10.36 1980.  8. 29.
  9.78  9.92 1980.  9.  5.
 10.09 10.26 1980.  9. 12.
 10.26 10.60 1980.  9. 19.
 10.45 11.00 1980.  9. 26.
 11.39 11.47 1980. 10.  3.
 11.24 11.17 1980. 10. 10.
 11.07 11.17 1980. 10. 17.
 11.66 11.64 1980. 10. 24.
 12.51 12.59 1980. 10. 31.
 13.28 13.18 1980. 11.  7.
 13.29 13.03 1980. 11. 14.
 13.98 13.71 1980. 11. 21.
 14.31 14.05 1980. 11. 28.
 14.98 14.57 1980. 12.  5.
 16.76 15.39 1980. 12. 12.
 16.21 15.18 1980. 12. 19.
 14.62 13.81 1980. 12. 26.
 14.31 13.73 1981.  1.  2.
 14.31 13.69 1981.  1.  9.
 15.19 14.06 1981.  1. 16.
 15.65 14.59 1981.  1. 23.
 15.01 14.01 1981.  1. 30.
 14.90 13.92 1981.  2.  6.
 15.51 14.63 1981.  2. 13.
 14.68 14.00 1981.  2. 20.
 14.19 13.76 1981.  2. 27.
 14.44 14.00 1981.  3.  6.
 13.79 13.10 1981.  3. 13.
 12.63 11.92 1981.  3. 20.
 12.91 12.51 1981.  3. 27.
 12.60 12.18 1981.  4.  3.
 13.67 13.36 1981.  4. 10.
 13.66 13.50 1981.  4. 17.
 13.74 13.72 1981.  4. 24.
 14.52 14.09 1981.  5.  1.
 16.44 15.50 1981.  5.  8.
 16.75 15.68 1981.  5. 15.
 16.61 15.52 1981.  5. 22.
 15.61 14.55 1981.  5. 29.
 15.69 14.62 1981.  6.  5.
 14.79 13.99 1981.  6. 12.
 14.31 13.86 1981.  6. 19.
 14.39 13.98 1981.  6. 26.
 14.34 14.04 1981.  7.  3.
 14.82 14.45 1981.  7. 10.
 14.56 14.39 1981.  7. 17.
 15.50 15.30 1981.  7. 24.
 15.07 15.00 1981.  7. 31.
 15.43 15.40 1981.  8.  7.
 15.25 15.28 1981.  8. 14.
 15.63 15.58 1981.  8. 21.
 15.71 15.76 1981.  8. 28.
 15.59 15.72 1981.  9.  4.
 15.14 15.38 1981.  9. 11.
 14.35 14.51 1981.  9. 18.
 14.29 14.43 1981.  9. 25.
 14.37 14.72 1981. 10.  2.
 13.81 13.98 1981. 10.  9.
 13.41 13.64 1981. 10. 16.
 13.37 13.82 1981. 10. 23.
 13.14 13.43 1981. 10. 30.
 12.21 12.54 1981. 11.  6.
 10.93 11.44 1981. 11. 13.
 10.31 10.82 1981. 11. 20.
 10.23 10.65 1981. 11. 27.
 10.39 10.83 1981. 12.  4.
 10.47 11.06 1981. 12. 11.
 10.94 11.51 1981. 12. 18.
 11.14 12.03 1981. 12. 25.
 11.35 12.25 1982.  1.  1.
 11.59 12.37 1982.  1.  8.
 12.07 12.85 1982.  1. 15.
 12.66 13.13 1982.  1. 22.
 12.79 12.96 1982.  1. 29.
 13.68 13.72 1982.  2.  5.
 14.12 14.01 1982.  2. 12.
 14.06 14.04 1982.  2. 19.
 12.31 12.84 1982.  2. 26.
 12.26 12.58 1982.  3.  5.
 12.47 12.55 1982.  3. 12.
 12.85 12.89 1982.  3. 19.
 12.72 12.78 1982.  3. 26.
 13.32 13.17 1982.  4.  2.
 13.10 13.06 1982.  4.  9.
 12.77 12.92 1982.  4. 16.
 12.39 12.61 1982.  4. 23.
 12.42 12.57 1982.  4. 30.
 12.54 12.59 1982.  5.  7.
 12.38 12.37 1982.  5. 14.
 11.90 11.97 1982.  5. 21.
 11.54 11.72 1982.  5. 28.
 12.09 12.12 1982.  6.  4.
 12.06 12.19 1982.  6. 11.
 12.46 12.83 1982.  6. 18.
 12.88 13.25 1982.  6. 25.
 12.81 13.08 1982.  7.  2.
 12.23 12.57 1982.  7.  9.
 11.71 12.06 1982.  7. 16.
 10.64 11.21 1982.  7. 23.
 10.51 11.39 1982.  7. 30.
  9.80 10.78 1982.  8.  6.
  9.70 10.70 1982.  8. 13.
  7.88  9.17 1982.  8. 20.
  7.50  8.99 1982.  8. 27.
  8.31  9.59 1982.  9.  3.
  8.34  9.63 1982.  9. 10.
  8.03  9.57 1982.  9. 17.
  7.53  9.21 1982.  9. 24.
  7.52  8.85 1982. 10.  1.
  7.93  8.86 1982. 10.  8.
  7.48  7.82 1982. 10. 15.
  7.54  7.93 1982. 10. 22.
  7.93  8.39 1982. 10. 29.
  7.78  8.24 1982. 11.  5.
  8.07  8.39 1982. 11. 12.
  8.31  8.41 1982. 11. 19.
  7.94  8.18 1982. 11. 26.
  8.14  8.47 1982. 12.  3.
  7.96  8.30 1982. 12. 10.
  7.80  8.04 1982. 12. 17.
  7.91  8.04 1982. 12. 24.
  8.01  8.07 1982. 12. 31.
  7.92  7.95 1983.  1.  7.
  7.66  7.73 1983.  1. 14.
  7.75  7.85 1983.  1. 21.
  8.05  8.13 1983.  1. 28.
  8.16  8.29 1983.  2.  4.
  8.22  8.34 1983.  2. 11.
  8.16  8.28 1983.  2. 18.
  7.91  8.00 1983.  2. 25.
  7.97  7.97 1983.  3.  4.
  8.25  8.25 1983.  3. 11.
  8.31  8.35 1983.  3. 18.
  8.55  8.57 1983.  3. 25.
  8.64  8.67 1983.  4.  1.
  8.45  8.51 1983.  4.  8.
  8.16  8.25 1983.  4. 15.
  8.12  8.27 1983.  4. 22.
  8.11  8.16 1983.  4. 29.
  8.03  8.02 1983.  5.  6.
  8.03  8.05 1983.  5. 13.
  8.14  8.21 1983.  5. 20.
  8.48  8.50 1983.  5. 27.
  8.57  8.68 1983.  6.  3.
  8.76  8.88 1983.  6. 10.
  8.70  8.80 1983.  6. 17.
  8.97  9.02 1983.  6. 24.
  8.88  8.97 1983.  7.  1.
  9.07  9.24 1983.  7.  8.
  9.10  9.30 1983.  7. 15.
  9.10  9.24 1983.  7. 22.
  9.13  9.33 1983.  7. 29.
  9.41  9.58 1983.  8.  5.
  9.52  9.67 1983.  8. 12.
  9.35  9.45 1983.  8. 19.
  9.15  9.32 1983.  8. 26.
  9.26  9.52 1983.  9.  2.
  9.13  9.35 1983.  9.  9.
  9.08  9.21 1983.  9. 16.
  8.94  9.02 1983.  9. 23.
  8.75  8.89 1983.  9. 30.
  8.62  8.81 1983. 10.  7.
  8.79  8.97 1983. 10. 14.
  8.53  8.72 1983. 10. 21.
  8.66  8.88 1983. 10. 28.
  8.58  8.79 1983. 11.  4.
  8.77  8.93 1983. 11. 11.
  8.81  8.97 1983. 11. 18.
  8.79  8.94 1983. 11. 25.
  8.88  9.05 1983. 12.  2.
  8.97  9.16 1983. 12.  9.
  9.09  9.24 1983. 12. 16.
  9.00  9.19 1983. 12. 23.
  8.96  9.14 1983. 12. 30.
  8.95  9.12 1984.  1.  6.
  8.88  9.03 1984.  1. 13.
  8.88  8.95 1984.  1. 20.
  8.93  9.00 1984.  1. 27.
  8.91  8.97 1984.  2.  3.
  9.06  9.10 1984.  2. 10.
  9.09  9.21 1984.  2. 17.
  9.18  9.32 1984.  2. 24.
  9.18  9.33 1984.  3.  2.
  9.29  9.43 1984.  3.  9.
  9.43  9.59 1984.  3. 16.
  9.76  9.88 1984.  3. 23.
  9.72  9.85 1984.  3. 30.
  9.74  9.91 1984.  4.  6.
  9.65  9.79 1984.  4. 13.
  9.76  9.86 1984.  4. 20.
  9.64  9.79 1984.  4. 27.
  9.73  9.99 1984.  5.  4.
  9.97 10.28 1984.  5. 11.
  9.88 10.28 1984.  5. 18.
  9.79 10.42 1984.  5. 25.
  9.76 10.56 1984.  6.  1.
  9.81 10.49 1984.  6.  8.
  9.95 10.50 1984.  6. 15.
  9.91 10.56 1984.  6. 22.
  9.81 10.48 1984.  6. 29.
  9.92 10.43 1984.  7.  6.
 10.04 10.50 1984.  7. 13.
 10.11 10.55 1984.  7. 20.
 10.25 10.56 1984.  7. 27.
 10.42 10.63 1984.  8.  3.
 10.48 10.59 1984.  8. 10.
 10.31 10.52 1984.  8. 17.
 10.44 10.57 1984.  8. 24.
 10.65 10.75 1984.  8. 31.
 10.61 10.73 1984.  9.  7.
 10.38 10.51 1984.  9. 14.
 10.29 10.35 1984.  9. 21.
 10.24 10.34 1984.  9. 28.
 10.19 10.30 1984. 10.  5.
 10.01 10.12 1984. 10. 12.
  9.81  9.91 1984. 10. 19.
  9.33  9.46 1984. 10. 26.
  9.10  9.33 1984. 11.  2.
  8.65  8.95 1984. 11.  9.
  8.68  8.95 1984. 11. 16.
  8.55  8.65 1984. 11. 23.
  8.41  8.55 1984. 11. 30.
  8.44  8.61 1984. 12.  7.
  8.27  8.43 1984. 12. 14.
  7.81  8.03 1984. 12. 21.
  7.67  8.03 1984. 12. 28.
  7.83  8.17 1985.  1.  4.
  7.75  7.98 1985.  1. 11.
  7.73  7.98 1985.  1. 18.
  7.65  7.91 1985.  1. 25.
  7.92  8.09 1985.  2.  1.
  8.17  8.28 1985.  2.  8.
  8.21  8.29 1985.  2. 15.
  8.31  8.42 1985.  2. 22.
  8.47  8.70 1985.  3.  1.
  8.69  8.97 1985.  3.  8.
  8.55  8.95 1985.  3. 15.
  8.51  8.96 1985.  3. 22.
  8.29  8.71 1985.  3. 29.
  8.17  8.58 1985.  4.  5.
  8.08  8.41 1985.  4. 12.
  7.86  8.06 1985.  4. 19.
  7.77  8.00 1985.  4. 26.
  7.78  8.03 1985.  5.  3.
  7.76  7.92 1985.  5. 10.
  7.50  7.68 1985.  5. 17.
  7.25  7.41 1985.  5. 24.
  7.19  7.32 1985.  5. 31.
  7.01  7.10 1985.  6.  7.
  7.03  7.15 1985.  6. 14.
  6.81  6.97 1985.  6. 21.
  6.97  7.16 1985.  6. 28.
  6.90  6.98 1985.  7.  5.
  6.99  7.09 1985.  7. 12.
  7.07  7.18 1985.  7. 19.
  7.22  7.35 1985.  7. 26.
  7.28  7.44 1985.  8.  2.
  7.21  7.44 1985.  8.  9.
  7.13  7.34 1985.  8. 16.
  7.07  7.22 1985.  8. 23.
  7.07  7.22 1985.  8. 30.
  7.14  7.31 1985.  9.  6.
  7.23  7.42 1985.  9. 13.
  7.12  7.33 1985.  9. 20.
  6.89  7.00 1985.  9. 27.
  7.01  7.20 1985. 10.  4.
  7.17  7.36 1985. 10. 11.
  7.20  7.33 1985. 10. 18.
  7.22  7.38 1985. 10. 25.
  7.20  7.32 1985. 11.  1.
  7.25  7.32 1985. 11.  8.
  7.29  7.32 1985. 11. 15.
  7.23  7.29 1985. 11. 22.
  7.18  7.28 1985. 11. 29.
  7.24  7.31 1985. 12.  6.
  7.10  7.12 1985. 12. 13.
  7.06  7.06 1985. 12. 20.
  7.02  7.06 1985. 12. 27.
  7.04  7.11 1986.  1.  3.
  7.13  7.20 1986.  1. 10.
  7.17  7.26 1986.  1. 17.
  6.99  7.13 1986.  1. 24.
  6.98  7.07 1986.  1. 31.
  7.06  7.11 1986.  2.  7.
  7.11  7.18 1986.  2. 14.
  7.05  7.11 1986.  2. 21.
  7.04  7.04 1986.  2. 28.
  6.79  6.77 1986.  3.  7.
  6.59  6.58 1986.  3. 14.
  6.49  6.55 1986.  3. 21.
  6.39  6.42 1986.  3. 28.
  6.31  6.30 1986.  4.  4.
  6.07  6.08 1986.  4. 11.
  5.84  5.87 1986.  4. 18.
  6.03  6.06 1986.  4. 25.
  6.11  6.15 1986.  5.  2.
  6.05  6.08 1986.  5.  9.
  6.14  6.15 1986.  5. 16.
  6.20  6.25 1986.  5. 23.
  6.24  6.32 1986.  5. 30.
  6.42  6.48 1986.  6.  6.
  6.29  6.38 1986.  6. 13.
  6.10  6.19 1986.  6. 20.
  6.07  6.08 1986.  6. 27.
  5.97  5.93 1986.  7.  4.
  5.86  5.88 1986.  7. 11.
  5.75  5.81 1986.  7. 18.
  5.78  5.84 1986.  7. 25.
  5.83  5.85 1986.  8.  1.
  5.71  5.77 1986.  8.  8.
  5.60  5.59 1986.  8. 15.
  5.48  5.50 1986.  8. 22.
  5.27  5.31 1986.  8. 29.
  5.21  5.26 1986.  9.  5.
  5.20  5.36 1986.  9. 12.
  5.18  5.37 1986.  9. 19.
  5.24  5.38 1986.  9. 26.
  5.19  5.35 1986. 10.  3.
  5.05  5.10 1986. 10. 10.
  5.20  5.28 1986. 10. 17.
  5.29  5.37 1986. 10. 24.
  5.19  5.27 1986. 10. 31.
  5.26  5.35 1986. 11.  7.
  5.41  5.49 1986. 11. 14.
  5.36  5.41 1986. 11. 21.
  5.39  5.42 1986. 11. 28.
  5.42  5.44 1986. 12.  5.
  5.49  5.49 1986. 12. 12.
  5.57  5.59 1986. 12. 19.
  5.56  5.60 1986. 12. 26.
  5.65  5.64 1987.  1.  2.
  5.46  5.49 1987.  1.  9.
  5.35  5.41 1987.  1. 16.
  5.35  5.33 1987.  1. 23.
  5.51  5.47 1987.  1. 30.
  5.62  5.61 1987.  2.  6.
  5.75  5.75 1987.  2. 13.
  5.55  5.55 1987.  2. 20.
  5.45  5.43 1987.  2. 27.
  5.54  5.55 1987.  3.  6.
  5.66  5.64 1987.  3. 13.
  5.55  5.55 1987.  3. 20.
  5.60  5.61 1987.  3. 27.
  5.56  5.75 1987.  4.  3.
  5.62  5.76 1987.  4. 10.
  5.80  6.01 1987.  4. 17.
  5.54  5.93 1987.  4. 24.
  5.69  6.05 1987.  5.  1.
  5.61  5.91 1987.  5.  8.
  5.69  5.95 1987.  5. 15.
  5.68  6.21 1987.  5. 22.
  5.67  6.17 1987.  5. 29.
  5.70  6.10 1987.  6.  5.
  5.55  5.89 1987.  6. 12.
  5.65  5.93 1987.  6. 19.
  5.77  6.05 1987.  6. 26.
  5.68  5.88 1987.  7.  3.
  5.61  5.56 1987.  7. 10.
  5.58  5.56 1987.  7. 17.
  5.66  5.82 1987.  7. 24.
  5.94  6.10 1987.  7. 31.
  5.87  6.10 1987.  8.  7.
  5.94  6.05 1987.  8. 14.
  6.05  6.18 1987.  8. 21.
  6.24  6.25 1987.  8. 28.
  6.21  6.36 1987.  9.  4.
  6.39  6.53 1987.  9. 11.
  6.36  6.65 1987.  9. 18.
  6.48  6.79 1987.  9. 25.
  6.62  6.86 1987. 10.  2.
  6.65  7.08 1987. 10.  9.
  6.98  7.52 1987. 10. 16.
  5.70  6.33 1987. 10. 23.
  5.17  5.93 1987. 10. 30.
  5.62  6.10 1987. 11.  6.
  5.78  6.26 1987. 11. 13.
  5.78  6.27 1987. 11. 20.
  5.72  6.17 1987. 11. 27.
  5.41  6.15 1987. 12.  4.
  5.86  6.44 1987. 12. 11.
  5.90  6.43 1987. 12. 18.
  5.83  6.44 1987. 12. 25.
  5.73  6.26 1988.  1.  1.
  5.86  6.36 1988.  1.  8.
  5.81  6.29 1988.  1. 15.
  5.85  6.25 1988.  1. 22.
  5.74  6.11 1988.  1. 29.
  5.67  6.05 1988.  2.  5.
  5.65  5.91 1988.  2. 12.
  5.72  5.99 1988.  2. 19.
  5.63  5.81 1988.  2. 26.
  5.63  5.86 1988.  3.  4.
  5.73  5.88 1988.  3. 11.
  5.64  5.79 1988.  3. 18.
  5.77  5.98 1988.  3. 25.
  5.74  6.04 1988.  4.  1.
  5.99  6.20 1988.  4.  8.
  5.89  6.14 1988.  4. 15.
  5.83  6.22 1988.  4. 22.
  5.91  6.28 1988.  4. 29.
  6.16  6.43 1988.  5.  6.
  6.26  6.47 1988.  5. 13.
  6.22  6.53 1988.  5. 20.
  6.35  6.76 1988.  5. 27.
  6.45  6.79 1988.  6.  3.
  6.43  6.67 1988.  6. 10.
  6.36  6.61 1988.  6. 17.
  6.50  6.78 1988.  6. 24.
  6.57  6.75 1988.  7.  1.
  6.58  6.78 1988.  7.  8.
  6.70  7.00 1988.  7. 15.
  6.72  7.07 1988.  7. 22.
  6.93  7.12 1988.  7. 29.
  6.89  7.13 1988.  8.  5.
  6.98  7.39 1988.  8. 12.
  7.03  7.52 1988.  8. 19.
  7.20  7.48 1988.  8. 26.
  7.28  7.47 1988.  9.  2.
  7.30  7.42 1988.  9.  9.
  7.18  7.38 1988.  9. 16.
  7.19  7.39 1988.  9. 23.
  7.30  7.51 1988.  9. 30.
  7.25  7.48 1988. 10.  7.
  7.31  7.42 1988. 10. 14.
  7.40  7.54 1988. 10. 21.
  7.42  7.53 1988. 10. 28.
  7.38  7.51 1988. 11.  4.
  7.57  7.75 1988. 11. 11.
  7.91  7.94 1988. 11. 18.
  8.01  8.06 1988. 11. 25.
  7.94  8.09 1988. 12.  2.
  7.96  8.19 1988. 12.  9.
  8.09  8.27 1988. 12. 16.
  8.11  8.20 1988. 12. 23.
  8.16  8.28 1988. 12. 30.
  8.24  8.41 1989.  1.  6.
  8.26  8.41 1989.  1. 13.
  8.24  8.30 1989.  1. 20.
  8.29  8.32 1989.  1. 27.
  8.38  8.42 1989.  2.  3.
  8.52  8.50 1989.  2. 10.
  8.52  8.57 1989.  2. 17.
  8.57  8.59 1989.  2. 24.
  8.67  8.68 1989.  3.  3.
  8.64  8.68 1989.  3. 10.
  8.74  8.78 1989.  3. 17.
  9.03  9.04 1989.  3. 24.
  9.00  9.06 1989.  3. 31.
  8.82  8.77 1989.  4.  7.
  8.69  8.75 1989.  4. 14.
  8.55  8.51 1989.  4. 21.
  8.53  8.59 1989.  4. 28.
  8.54  8.52 1989.  5.  5.
  8.43  8.42 1989.  5. 12.
  8.30  8.33 1989.  5. 19.
  8.41  8.39 1989.  5. 26.
  8.54  8.33 1989.  6.  2.
  8.18  7.89 1989.  6.  9.
  8.14  7.87 1989.  6. 16.
  8.13  8.05 1989.  6. 23.
  8.03  7.79 1989.  6. 30.
  7.81  7.58 1989.  7.  7.
  7.77  7.52 1989.  7. 14.
  7.97  7.73 1989.  7. 21.
  7.98  7.62 1989.  7. 28.
  7.71  7.45 1989.  8.  4.
  7.92  7.66 1989.  8. 11.
  7.95  7.82 1989.  8. 18.
  7.98  7.92 1989.  8. 25.
  7.90  7.82 1989.  9.  1.
  7.82  7.81 1989.  9.  8.
  7.60  7.60 1989.  9. 15.
  7.73  7.70 1989.  9. 22.
  7.84  7.85 1989.  9. 29.
  7.76  7.83 1989. 10.  6.
  7.66  7.63 1989. 10. 13.
  7.50  7.53 1989. 10. 20.
  7.60  7.50 1989. 10. 27.
  7.77  7.58 1989. 11.  3.
  7.74  7.59 1989. 11. 10.
  7.67  7.45 1989. 11. 17.
  7.60  7.39 1989. 11. 24.
  7.63  7.43 1989. 12.  1.
  7.61  7.35 1989. 12.  8.
  7.65  7.40 1989. 12. 15.
  7.60  7.42 1989. 12. 22.
  7.68  7.56 1989. 12. 29.
  7.59  7.50 1990.  1.  5.
  7.53  7.43 1990.  1. 12.
  7.72  7.60 1990.  1. 19.
  7.69  7.59 1990.  1. 26.
  7.76  7.71 1990.  2.  2.
  7.80  7.74 1990.  2.  9.
  7.66  7.63 1990.  2. 16.
  7.74  7.74 1990.  2. 23.
  7.76  7.72 1990.  3.  2.
  7.91  7.83 1990.  3.  9.
  7.96  7.88 1990.  3. 16.
  7.93  7.87 1990.  3. 23.
  7.85  7.84 1990.  3. 30.
  7.77  7.77 1990.  4.  6.
  7.78  7.78 1990.  4. 13.
  7.76  7.81 1990.  4. 20.
  7.78  7.94 1990.  4. 27.
  7.85  7.97 1990.  5.  4.
  7.74  7.75 1990.  5. 11.
  7.67  7.68 1990.  5. 18.
  7.71  7.73 1990.  5. 25.
  7.74  7.68 1990.  6.  1.
  7.70  7.61 1990.  6.  8.
  7.70  7.61 1990.  6. 15.
  7.74  7.65 1990.  6. 22.
  7.77  7.66 1990.  6. 29.
  7.71  7.61 1990.  7.  6.
  7.73  7.65 1990.  7. 13.
  7.57  7.48 1990.  7. 20.
  7.53  7.42 1990.  7. 27.
  7.43  7.29 1990.  8.  3.
  7.37  7.29 1990.  8. 10.
  7.45  7.37 1990.  8. 17.
  7.54  7.49 1990.  8. 24.
  7.46  7.44 1990.  8. 31.
  7.38  7.34 1990.  9.  7.
  7.38  7.32 1990.  9. 14.
  7.38  7.31 1990.  9. 21.
  7.29  7.30 1990.  9. 28.
  7.13  7.14 1990. 10.  5.
  7.16  7.18 1990. 10. 12.
  7.20  7.20 1990. 10. 19.
  7.19  7.15 1990. 10. 26.
  7.11  7.08 1990. 11.  2.
  7.08  7.05 1990. 11.  9.
  7.07  7.03 1990. 11. 16.
  7.07  7.03 1990. 11. 23.
  7.04  7.00 1990. 11. 30.
  6.99  6.88 1990. 12.  7.
  6.83  6.71 1990. 12. 14.
  6.66  6.64 1990. 12. 21.
  6.48  6.59 1990. 12. 28.
  6.47  6.44 1991.  1.  4.
  6.31  6.36 1991.  1. 11.
  6.07  6.20 1991.  1. 18.
  6.12  6.20 1991.  1. 25.
  6.17  6.19 1991.  2.  1.
  5.94  5.91 1991.  2.  8.
  5.87  5.87 1991.  2. 15.
  5.94  5.93 1991.  2. 22.
  6.04  6.03 1991.  3.  1.
  6.05  6.04 1991.  3.  8.
  5.83  5.85 1991.  3. 15.
  5.87  5.89 1991.  3. 22.
  5.82  5.83 1991.  3. 29.
  5.75  5.77 1991.  4.  5.
  5.59  5.67 1991.  4. 12.
  5.63  5.70 1991.  4. 19.
  5.66  5.73 1991.  4. 26.
  5.51  5.60 1991.  5.  3.
  5.48  5.63 1991.  5. 10.
  5.44  5.59 1991.  5. 17.
  5.44  5.63 1991.  5. 24.
  5.46  5.63 1991.  5. 31.
  5.58  5.72 1991.  6.  7.
  5.58  5.78 1991.  6. 14.
  5.58  5.76 1991.  6. 21.
  5.56  5.74 1991.  6. 28.
  5.58  5.71 1991.  7.  5.
  5.57  5.68 1991.  7. 12.
  5.59  5.73 1991.  7. 19.
  5.58  5.72 1991.  7. 26.
  5.53  5.65 1991.  8.  2.
  5.40  5.46 1991.  8.  9.
  5.29  5.36 1991.  8. 16.
  5.24  5.28 1991.  8. 23.
  5.34  5.37 1991.  8. 30.
  5.32  5.36 1991.  9.  6.
  5.23  5.25 1991.  9. 13.
  5.19  5.23 1991.  9. 20.
  5.16  5.20 1991.  9. 27.
  5.07  5.11 1991. 10.  4.
  5.01  5.06 1991. 10. 11.
  5.00  5.03 1991. 10. 18.
  5.01  5.08 1991. 10. 25.
  4.85  4.88 1991. 11.  1.
  4.68  4.74 1991. 11.  8.
  4.62  4.67 1991. 11. 15.
  4.49  4.55 1991. 11. 22.
  4.39  4.45 1991. 11. 29.
  4.32  4.32 1991. 12.  6.
  4.16  4.17 1991. 12. 13.
  4.03  4.10 1991. 12. 20.
  3.81  3.89 1991. 12. 27.
  3.87  3.87 1992.  1.  3.
  3.77  3.81 1992.  1. 10.
  3.81  3.88 1992.  1. 17.
  3.77  3.86 1992.  1. 24.
  3.84  3.92 1992.  1. 31.
  3.81  3.87 1992.  2.  7.
  3.76  3.85 1992.  2. 14.
  3.87  3.98 1992.  2. 21.
  3.94  4.03 1992.  2. 28.
  4.04  4.13 1992.  3.  6.
  4.02  4.16 1992.  3. 13.
  4.06  4.23 1992.  3. 20.
  4.03  4.18 1992.  3. 27.
  4.01  4.11 1992.  4.  3.
  3.80  3.89 1992.  4. 10.
  3.63  3.74 1992.  4. 17.
  3.68  3.84 1992.  4. 24.
  3.69  3.83 1992.  5.  1.
  3.63  3.77 1992.  5.  8.
  3.60  3.70 1992.  5. 15.
  3.61  3.71 1992.  5. 22.
  3.71  3.84 1992.  5. 29.
  3.71  3.86 1992.  6.  5.
  3.67  3.80 1992.  6. 12.
  3.63  3.73 1992.  6. 19.
  3.64  3.74 1992.  6. 26.
  3.48  3.57 1992.  7.  3.
  3.22  3.28 1992.  7. 10.
  3.19  3.24 1992.  7. 17.
  3.17  3.24 1992.  7. 24.
  3.18  3.27 1992.  7. 31.
  3.16  3.24 1992.  8.  7.
  3.11  3.19 1992.  8. 14.
  3.07  3.15 1992.  8. 21.
  3.16  3.25 1992.  8. 28.
  3.10  3.16 1992.  9.  4.
  2.91  2.94 1992.  9. 11.
  2.89  2.92 1992.  9. 18.
  2.89  2.93 1992.  9. 25.
  2.69  2.82 1992. 10.  2.
  2.76  2.88 1992. 10.  9.
  2.90  3.01 1992. 10. 16.
  2.95  3.17 1992. 10. 23.
  2.94  3.19 1992. 10. 30.
  3.03  3.23 1992. 11.  6.
  3.08  3.30 1992. 11. 13.
  3.16  3.37 1992. 11. 20.
  3.24  3.43 1992. 11. 27.
  3.30  3.45 1992. 12.  4.
  3.24  3.36 1992. 12. 11.
  3.21  3.38 1992. 12. 18.
  3.18  3.32 1992. 12. 25.
  3.15  3.32 1993.  1.  1.
  3.09  3.25 1993.  1.  8.
  3.00  3.14 1993.  1. 15.
  2.99  3.11 1993.  1. 22.
  2.92  3.07 1993.  1. 29.
  2.92  3.10 1993.  2.  5.
  2.93  3.10 1993.  2. 12.
  2.92  3.04 1993.  2. 19.
  2.95  3.04 1993.  2. 26.
  2.95  3.04 1993.  3.  5.
  2.98  3.09 1993.  3. 12.
  2.97  3.08 1993.  3. 19.
  2.92  3.03 1993.  3. 26.
  2.91  3.01 1993.  4.  2.
  2.91  3.00 1993.  4.  9.
  2.85  2.97 1993.  4. 16.
  2.81  2.93 1993.  4. 23.
  2.91  2.98 1993.  4. 30.
  2.87  2.97 1993.  5.  7.
  2.91  3.01 1993.  5. 14.
  2.99  3.09 1993.  5. 21.
  3.06  3.20 1993.  5. 28.
  3.06  3.21 1993.  6.  4.
  3.10  3.26 1993.  6. 11.
  3.05  3.16 1993.  6. 18.
  3.09  3.19 1993.  6. 25.
  3.01  3.11 1993.  7.  2.
  3.02  3.11 1993.  7.  9.
  3.02  3.13 1993.  7. 16.
  3.07  3.20 1993.  7. 23.
  3.06  3.21 1993.  7. 30.
  3.06  3.21 1993.  8.  6.
  3.02  3.14 1993.  8. 13.
  3.00  3.11 1993.  8. 20.
  3.00  3.10 1993.  8. 27.
  2.99  3.09 1993.  9.  3.
  2.96  3.06 1993.  9. 10.
  2.96  3.07 1993.  9. 17.
  2.93  3.06 1993.  9. 24.
  2.92  3.04 1993. 10.  1.
  2.97  3.08 1993. 10.  8.
  3.02  3.10 1993. 10. 15.
  3.04  3.14 1993. 10. 22.
  3.06  3.18 1993. 10. 29.
  3.08  3.25 1993. 11.  5.
  3.10  3.25 1993. 11. 12.
  3.11  3.25 1993. 11. 19.
  3.12  3.27 1993. 11. 26.
  3.12  3.27 1993. 12.  3.
  3.07  3.25 1993. 12. 10.
  3.04  3.24 1993. 12. 17.
  3.06  3.22 1993. 12. 24.
  3.02  3.21 1993. 12. 31.
  3.05  3.23 1994.  1.  7.
  2.97  3.14 1994.  1. 14.
  2.96  3.12 1994.  1. 21.
  2.93  3.13 1994.  1. 28.
  3.08  3.24 1994.  2.  4.
  3.25  3.40 1994.  2. 11.
  3.27  3.43 1994.  2. 18.
  3.35  3.58 1994.  2. 25.
  3.47  3.68 1994.  3.  4.
  3.52  3.77 1994.  3. 11.
  3.52  3.81 1994.  3. 18.
  3.49  3.81 1994.  3. 25.
  3.50  3.81 1994.  4.  1.
  3.60  3.97 1994.  4.  8.
  3.57  3.98 1994.  4. 15.
  3.73  4.18 1994.  4. 22.
  3.85  4.26 1994.  4. 29.
  4.04  4.47 1994.  5.  6.
  4.19  4.74 1994.  5. 13.
  4.16  4.56 1994.  5. 20.
  4.18  4.61 1994.  5. 27.
  4.15  4.61 1994.  6.  3.
  4.11  4.51 1994.  6. 10.
  4.12  4.50 1994.  6. 17.
  4.16  4.57 1994.  6. 24.
  4.16  4.61 1994.  7.  1.
  4.28  4.74 1994.  7.  8.
  4.37  4.79 1994.  7. 15.
  4.30  4.70 1994.  7. 22.
  4.39  4.80 1994.  7. 29.
  4.34  4.75 1994.  8.  5.
  4.40  4.91 1994.  8. 12.
  4.56  4.94 1994.  8. 19.
  4.55  4.90 1994.  8. 26.
  4.56  4.86 1994.  9.  2.
  4.56  4.88 1994.  9.  9.
  4.59  4.98 1994.  9. 16.
  4.71  5.14 1994.  9. 23.
  4.66  5.21 1994.  9. 30.
  4.90  5.36 1994. 10.  7.
  4.91  5.30 1994. 10. 14.
  4.94  5.38 1994. 10. 21.
  5.01  5.48 1994. 10. 28.
  5.10  5.53 1994. 11.  4.
  5.22  5.64 1994. 11. 11.
  5.34  5.77 1994. 11. 18.
  5.31  5.78 1994. 11. 25.
  5.53  5.97 1994. 12.  2.
  5.70  6.20 1994. 12.  9.
  5.66  6.27 1994. 12. 16.
  5.49  6.20 1994. 12. 23.
  5.52  6.23 1994. 12. 30.
  5.67  6.30 1995.  1.  6.
  5.66  6.24 1995.  1. 13.
  5.70  6.19 1995.  1. 20.
  5.77  6.18 1995.  1. 27.
  5.82  6.14 1995.  2.  3.
  5.79  6.09 1995.  2. 10.
  5.75  6.04 1995.  2. 17.
  5.72  5.94 1995.  2. 24.
  5.74  5.91 1995.  3.  3.
  5.76  5.96 1995.  3. 10.
  5.75  5.90 1995.  3. 17.
  5.72  5.87 1995.  3. 24.
  5.69  5.81 1995.  3. 31.
  5.70  5.84 1995.  4.  7.
  5.63  5.78 1995.  4. 14.
  5.61  5.71 1995.  4. 21.
  5.67  5.76 1995.  4. 28.
  5.65  5.71 1995.  5.  5.
  5.64  5.66 1995.  5. 12.
  5.69  5.67 1995.  5. 19.
  5.69  5.66 1995.  5. 26.
  5.55  5.49 1995.  6.  2.
  5.56  5.48 1995.  6.  9.
  5.48  5.45 1995.  6. 16.
  5.42  5.40 1995.  6. 23.
  5.43  5.37 1995.  6. 30.
  5.43  5.34 1995.  7.  7.
  5.39  5.32 1995.  7. 14.
  5.43  5.42 1995.  7. 21.
  5.44  5.40 1995.  7. 28.
  5.42  5.40 1995.  8.  4.
  5.40  5.41 1995.  8. 11.
  5.44  5.46 1995.  8. 18.
  5.41  5.41 1995.  8. 25.
  5.31  5.32 1995.  9.  1.
  5.33  5.32 1995.  9.  8.
  5.31  5.29 1995.  9. 15.
  5.22  5.25 1995.  9. 22.
  5.26  5.35 1995.  9. 29.
  5.30  5.35 1995. 10.  6.
  5.30  5.33 1995. 10. 13.
  5.27  5.32 1995. 10. 20.
  5.24  5.31 1995. 10. 27.
  5.31  5.27 1995. 11.  3.
  5.38  5.29 1995. 11. 10.
  5.38  5.29 1995. 11. 17.
  5.35  5.27 1995. 11. 24.
  5.33  5.25 1995. 12.  1.
  5.32  5.20 1995. 12.  8.
  5.26  5.19 1995. 12. 15.
  5.02  5.09 1995. 12. 22.
  4.89  4.98 1995. 12. 29.
  5.02  5.00 1996.  1.  5.
  5.03  4.98 1996.  1. 12.
  4.98  4.85 1996.  1. 19.
  4.97  4.90 1996.  1. 26.
  4.93  4.81 1996.  2.  2.
  4.81  4.75 1996.  2.  9.
  4.79  4.70 1996.  2. 16.
  4.82  4.82 1996.  2. 23.
  4.87  4.82 1996.  3.  1.
  4.89  4.87 1996.  3.  8.
  4.97  4.99 1996.  3. 15.
  5.00  5.03 1996.  3. 22.
  5.00  5.00 1996.  3. 29.
  5.01  5.06 1996.  4.  5.
  4.97  5.11 1996.  4. 12.
  4.85  5.03 1996.  4. 19.
  4.96  5.04 1996.  4. 26.
  5.00  5.10 1996.  5.  3.
  5.00  5.12 1996.  5. 10.
  5.01  5.11 1996.  5. 17.
  5.04  5.12 1996.  5. 24.
  5.04  5.14 1996.  5. 31.
  5.09  5.22 1996.  6.  7.
  5.11  5.30 1996.  6. 14.
  5.09  5.25 1996.  6. 21.
  5.09  5.22 1996.  6. 28.
  5.13  5.26 1996.  7.  5.
  5.15  5.34 1996.  7. 12.
  5.13  5.28 1996.  7. 19.
  5.16  5.30 1996.  7. 26.
  5.15  5.24 1996.  8.  2.
  5.03  5.11 1996.  8.  9.
  5.03  5.11 1996.  8. 16.
  5.02  5.10 1996.  8. 23.
  5.09  5.18 1996.  8. 30.
  5.19  5.35 1996.  9.  6.
  5.13  5.28 1996.  9. 13.
  5.12  5.25 1996.  9. 20.
  4.98  5.13 1996.  9. 27.
  4.91  5.08 1996. 10.  4.
  4.98  5.10 1996. 10. 11.
  5.00  5.11 1996. 10. 18.
  5.00  5.13 1996. 10. 25.
  5.03  5.10 1996. 11.  1.
  5.03  5.08 1996. 11.  8.
  5.03  5.07 1996. 11. 15.
  5.03  5.06 1996. 11. 22.
  5.02  5.06 1996. 11. 29.
  4.92  5.02 1996. 12.  6.
  4.83  5.00 1996. 12. 13.
  4.88  5.06 1996. 12. 20.
  4.97  5.08 1996. 12. 27.
  5.05  5.12 1997.  1.  3.
  5.03  5.10 1997.  1. 10.
  5.03  5.08 1997.  1. 17.
  5.04  5.12 1997.  1. 24.
  5.04  5.10 1997.  1. 31.
  4.99  5.07 1997.  2.  7.
  5.00  5.04 1997.  2. 14.
  4.97  5.02 1997.  2. 21.
  5.05  5.10 1997.  2. 28.
  5.09  5.19 1997.  3.  7.
  5.08  5.20 1997.  3. 14.
  5.17  5.29 1997.  3. 21.
  5.25  5.36 1997.  3. 28.
  5.17  5.32 1997.  4.  4.
  5.14  5.37 1997.  4. 11.
  5.16  5.40 1997.  4. 18.
  5.19  5.40 1997.  4. 25.
  5.15  5.34 1997.  5.  2.
  5.06  5.32 1997.  5.  9.
  5.05  5.31 1997.  5. 16.
  5.10  5.29 1997.  5. 23.
  4.94  5.25 1997.  5. 30.
  4.91  5.20 1997.  6.  6.
  4.88  5.17 1997.  6. 13.
  4.91  5.10 1997.  6. 20.
  4.99  5.08 1997.  6. 27.
  5.04  5.09 1997.  7.  4.
  4.99  5.09 1997.  7. 11.
  5.05  5.12 1997.  7. 18.
  5.08  5.15 1997.  7. 25.
  5.11  5.14 1997.  8.  1.
  5.15  5.21 1997.  8.  8.
  5.17  5.21 1997.  8. 15.
  5.12  5.15 1997.  8. 22.
  5.13  5.18 1997.  8. 29.
  5.03  5.17 1997.  9.  5.
  5.00  5.14 1997.  9. 12.
  4.97  5.09 1997.  9. 19.
  4.85  4.99 1997.  9. 26.
  4.92  5.04 1997. 10.  3.
  4.95  5.05 1997. 10. 10.
  4.94  5.12 1997. 10. 17.
  4.97  5.15 1997. 10. 24.
  5.04  5.07 1997. 10. 31.
  5.14  5.13 1997. 11.  7.
  5.16  5.16 1997. 11. 14.
  5.15  5.17 1997. 11. 21.
  5.13  5.22 1997. 11. 28.
  5.13  5.22 1997. 12.  5.
  5.10  5.23 1997. 12. 12.
  5.12  5.21 1997. 12. 19.
  5.27  5.28 1997. 12. 26.
  5.24  5.24 1998.  1.  2.
  5.04  5.04 1998.  1.  9.
  5.00  4.97 1998.  1. 16.
  5.02  5.02 1998.  1. 23.
  5.06  5.06 1998.  1. 30.
  5.05  5.04 1998.  2.  6.
  5.07  5.04 1998.  2. 13.
  5.06  5.08 1998.  2. 20.
  5.16  5.11 1998.  2. 27.
  5.08  5.08 1998.  3.  6.
  4.97  5.02 1998.  3. 13.
  5.02  5.05 1998.  3. 20.
  5.05  5.02 1998.  3. 27.
  5.00  5.03 1998.  4.  3.
  4.95  5.01 1998.  4. 10.
  4.97  5.09 1998.  4. 17.
  4.94  5.06 1998.  4. 24.
  4.91  5.09 1998.  5.  1.
  4.97  5.11 1998.  5.  8.
  5.01  5.16 1998.  5. 15.
  5.08  5.18 1998.  5. 22.
  4.95  5.15 1998.  5. 29.
  4.95  5.11 1998.  6.  5.
  5.00  5.14 1998.  6. 12.
  5.04  5.12 1998.  6. 19.
  4.93  5.11 1998.  6. 26.
  4.94  5.03 1998.  7.  3.
  4.94  5.02 1998.  7. 10.
  5.01  5.04 1998.  7. 17.
  4.96  5.04 1998.  7. 24.
  4.95  5.01 1998.  7. 31.
  4.93  5.00 1998.  8.  7.
  4.89  4.94 1998.  8. 14.
  4.92  4.97 1998.  8. 21.
  4.89  4.91 1998.  8. 28.
  4.76  4.79 1998.  9.  4.
  4.73  4.71 1998.  9. 11.
  4.62  4.69 1998.  9. 18.
  4.53  4.52 1998.  9. 25.
  4.26  4.33 1998. 10.  2.
  3.96  4.10 1998. 10.  9.
  3.84  3.99 1998. 10. 16.
  3.85  3.94 1998. 10. 23.
  4.12  4.11 1998. 10. 30.
  4.43  4.43 1998. 11.  6.
  4.42  4.43 1998. 11. 13.
  4.35  4.38 1998. 11. 20.
  4.47  4.45 1998. 11. 27.
  4.38  4.36 1998. 12.  4.
  4.36  4.38 1998. 12. 11.
  4.37  4.38 1998. 12. 18.
  4.44  4.48 1998. 12. 25.
  4.44  4.45 1999.  1.  1.
  4.36  4.38 1999.  1.  8.
  4.35  4.33 1999.  1. 15.
  4.26  4.30 1999.  1. 22.
  4.35  4.30 1999.  1. 29.
  4.40  4.40 1999.  2.  5.
  4.40  4.41 1999.  2. 12.
  4.42  4.45 1999.  2. 19.
  4.53  4.51 1999.  2. 26.
  4.52  4.56 1999.  3.  5.
  4.48  4.51 1999.  3. 12.
  4.42  4.48 1999.  3. 19.
  4.39  4.38 1999.  3. 26.
  4.35  4.34 1999.  4.  2.
  4.29  4.35 1999.  4.  9.
  4.20  4.34 1999.  4. 16.
  4.26  4.38 1999.  4. 23.
  4.39  4.43 1999.  4. 30.
  4.49  4.50 1999.  5.  7.
  4.48  4.52 1999.  5. 14.
  4.51  4.60 1999.  5. 21.
  4.52  4.62 1999.  5. 28.
  4.53  4.75 1999.  6.  4.
  4.50  4.81 1999.  6. 11.
  4.56  4.82 1999.  6. 18.
  4.61  4.85 1999.  6. 25.
  4.63  4.85 1999.  7.  2.
  4.55  4.61 1999.  7.  9.
  4.57  4.52 1999.  7. 16.
  4.50  4.49 1999.  7. 23.
  4.59  4.61 1999.  7. 30.
  4.65  4.78 1999.  8.  6.
  4.72  4.90 1999.  8. 13.
  4.65  4.88 1999.  8. 20.
  4.81  4.89 1999.  8. 27.
  4.82  4.97 1999.  9.  3.
  4.67  4.93 1999.  9. 10.
  4.61  4.89 1999.  9. 17.
  4.65  4.85 1999.  9. 24.
  4.71  4.79 1999. 10.  1.
  4.69  4.88 1999. 10.  8.
  4.84  4.94 1999. 10. 15.
  4.97  5.03 1999. 10. 22.
  4.96  5.10 1999. 10. 29.
  4.98  5.10 1999. 11.  5.
  5.05  5.16 1999. 11. 12.
  5.10  5.22 1999. 11. 19.
  5.12  5.27 1999. 11. 26.
  5.13  5.33 1999. 12.  3.
  5.09  5.33 1999. 12. 10.
  5.23  5.48 1999. 12. 17.
  5.38  5.56 1999. 12. 24.
  5.17  5.47 1999. 12. 31.
  5.26  5.48 2000.  1.  7.
  5.26  5.43 2000.  1. 14.
  5.31  5.53 2000.  1. 21.
  5.41  5.55 2000.  1. 28.
  5.50  5.66 2000.  2.  4.
  5.49  5.72 2000.  2. 11.
  5.55  5.74 2000.  2. 18.
  5.62  5.74 2000.  2. 25.
  5.62  5.76 2000.  3.  3.
  5.67  5.82 2000.  3. 10.
  5.71  5.86 2000.  3. 17.
  5.74  5.88 2000.  3. 24.
  5.71  5.90 2000.  3. 31.
  5.70  5.85 2000.  4.  7.
  5.67  5.82 2000.  4. 14.
  5.65  5.76 2000.  4. 21.
  5.62  5.79 2000.  4. 28.
  5.74  5.96 2000.  5.  5.
  5.94  6.15 2000.  5. 12.
  5.86  6.17 2000.  5. 19.
  5.73  6.11 2000.  5. 26.
  5.59  6.04 2000.  6.  2.
  5.76  6.01 2000.  6.  9.
  5.68  5.96 2000.  6. 16.
  5.66  5.93 2000.  6. 23.
  5.67  5.95 2000.  6. 30.
  5.82  5.94 2000.  7.  7.
  5.96  5.99 2000.  7. 14.
  5.98  6.03 2000.  7. 21.
  6.01  6.02 2000.  7. 28.
  6.05  6.07 2000.  8.  4.
  6.08  6.05 2000.  8. 11.
  6.09  6.07 2000.  8. 18.
  6.11  6.08 2000.  8. 25.
  6.13  6.10 2000.  9.  1.
  6.02  6.02 2000.  9.  8.
  5.95  5.94 2000.  9. 15.
  5.98  5.96 2000.  9. 22.
  6.03  6.00 2000.  9. 29.
  6.06  6.04 2000. 10.  6.
  6.03  6.00 2000. 10. 13.
  6.11  6.01 2000. 10. 20.
  6.18  6.08 2000. 10. 27.
  6.19  6.09 2000. 11.  3.
  6.22  6.10 2000. 11. 10.
  6.18  6.07 2000. 11. 17.
  6.18  6.06 2000. 11. 24.
  6.08  5.98 2000. 12.  1.
  5.94  5.81 2000. 12.  8.
  5.89  5.78 2000. 12. 15.
  5.51  5.53 2000. 12. 22.
  5.66  5.50 2000. 12. 29.
  5.36  5.10 2001.  1.  5.
  5.13  4.94 2001.  1. 12.
  5.17  4.99 2001.  1. 19.
  5.11  4.92 2001.  1. 26.
  4.91  4.72 2001.  2.  2.
  4.94  4.76 2001.  2.  9.
  4.93  4.80 2001.  2. 16.
  4.87  4.69 2001.  2. 23.
  4.72  4.51 2001.  3.  2.
  4.62  4.48 2001.  3.  9.
  4.47  4.33 2001.  3. 16.
  4.27  4.17 2001.  3. 23.
  4.22  4.04 2001.  3. 30.
  4.01  3.93 2001.  4.  6.
  3.90  3.91 2001.  4. 13.
  3.87  3.89 2001.  4. 20.
  3.72  3.71 2001.  4. 27.
  3.78  3.77 2001.  5.  4.
  3.65  3.60 2001.  5. 11.
  3.54  3.59 2001.  5. 18.
  3.58  3.61 2001.  5. 25.
  3.59  3.52 2001.  6.  1.
  3.56  3.50 2001.  6.  8.
  3.48  3.48 2001.  6. 15.
  3.42  3.36 2001.  6. 22.
  3.47  3.44 2001.  6. 29.
  3.57  3.50 2001.  7.  6.
  3.54  3.47 2001.  7. 13.
  3.49  3.45 2001.  7. 20.
  3.48  3.41 2001.  7. 27.
  3.46  3.37 2001.  8.  3.
  3.41  3.32 2001.  8. 10.
  3.34  3.27 2001.  8. 17.
  3.33  3.27 2001.  8. 24.
  3.33  3.23 2001.  8. 31.
  3.29  3.24 2001.  9.  7.
  2.82  2.80 2001.  9. 14.
  2.30  2.38 2001.  9. 21.
  2.34  2.29 2001.  9. 28.
  2.21  2.20 2001. 10.  5.
  2.20  2.17 2001. 10. 12.
  2.17  2.15 2001. 10. 19.
  2.13  2.08 2001. 10. 26.
  2.01  1.93 2001. 11.  2.
  1.83  1.79 2001. 11.  9.
  1.86  1.91 2001. 11. 16.
  1.91  1.97 2001. 11. 23.
  1.84  1.87 2001. 11. 30.
  1.72  1.80 2001. 12.  7.
  1.66  1.73 2001. 12. 14.
  1.68  1.77 2001. 12. 21.
  1.70  1.80 2001. 12. 28.
  1.70  1.79 2002.  1.  4.
  1.63  1.70 2002.  1. 11.
  1.58  1.64 2002.  1. 18.
  1.68  1.76 2002.  1. 25.
  1.72  1.83 2002.  2.  1.
  1.72  1.80 2002.  2.  8.
  1.72  1.82 2002.  2. 15.
  1.73  1.83 2002.  2. 22.
  1.74  1.85 2002.  3.  1.
  1.76  1.91 2002.  3.  8.
  1.81  2.01 2002.  3. 15.
  1.82  2.07 2002.  3. 22.
  1.79  2.07 2002.  3. 29.
  1.75  2.04 2002.  4.  5.
  1.69  1.94 2002.  4. 12.
  1.70  1.89 2002.  4. 19.
  1.70  1.86 2002.  4. 26.
  1.74  1.86 2002.  5.  3.
  1.74  1.84 2002.  5. 10.
  1.74  1.88 2002.  5. 17.
  1.72  1.87 2002.  5. 24.
  1.72  1.87 2002.  5. 31.
  1.72  1.86 2002.  6.  7.
  1.71  1.81 2002.  6. 14.
  1.70  1.77 2002.  6. 21.
  1.68  1.74 2002.  6. 28.
  1.69  1.72 2002.  7.  5.
  1.69  1.71 2002.  7. 12.
  1.69  1.70 2002.  7. 19.
  1.67  1.66 2002.  7. 26.
  1.66  1.65 2002.  8.  2.
  1.59  1.55 2002.  8.  9.
  1.61  1.59 2002.  8. 16.
  1.61  1.62 2002.  8. 23.
  1.65  1.64 2002.  8. 30.
  1.61  1.58 2002.  9.  6.
  1.66  1.64 2002.  9. 13.
  1.65  1.63 2002.  9. 20.
  1.62  1.58 2002.  9. 27.
  1.55  1.50 2002. 10.  4.
  1.56  1.53 2002. 10. 11.
  1.64  1.64 2002. 10. 18.
  1.64  1.64 2002. 10. 25.
  1.47  1.43 2002. 11.  1.
  1.28  1.30 2002. 11.  8.
  1.20  1.24 2002. 11. 15.
  1.20  1.25 2002. 11. 22.
  1.21  1.27 2002. 11. 29.
  1.20  1.27 2002. 12.  6.
  1.19  1.25 2002. 12. 13.
  1.20  1.24 2002. 12. 20.
  1.16  1.23 2002. 12. 27.
  1.20  1.22 2003.  1.  3.
  1.18  1.23 2003.  1. 10.
  1.17  1.21 2003.  1. 17.
  1.15  1.18 2003.  1. 24.
  1.16  1.17 2003.  1. 31.
  1.15  1.17 2003.  2.  7.
  1.16  1.17 2003.  2. 14.
  1.17  1.18 2003.  2. 21.
  1.19  1.18 2003.  2. 28.
  1.15  1.15 2003.  3.  7.
  1.09  1.07 2003.  3. 14.
  1.14  1.15 2003.  3. 21.
  1.15  1.15 2003.  3. 28.
  1.10  1.09 2003.  4.  4.
  1.13  1.13 2003.  4. 11.
  1.16  1.18 2003.  4. 18.
  1.14  1.17 2003.  4. 25.
  1.11  1.13 2003.  5.  2.
  1.09  1.11 2003.  5.  9.
  1.05  1.08 2003.  5. 16.
  1.04  1.05 2003.  5. 23.
  1.09  1.07 2003.  5. 30.
  1.05  1.03 2003.  6.  6.
  0.92  0.91 2003.  6. 13.
  0.84  0.85 2003.  6. 20.
  0.86  0.89 2003.  6. 27.
  0.87  0.94 2003.  7.  4.
  0.88  0.94 2003.  7. 11.
  0.89  0.94 2003.  7. 18.
  0.91  0.96 2003.  7. 25.
  0.95  1.00 2003.  8.  1.
  0.94  1.02 2003.  8.  8.
  0.94  1.03 2003.  8. 15.
  0.95  1.03 2003.  8. 22.
  0.98  1.04 2003.  8. 29.
  0.95  1.03 2003.  9.  5.
  0.94  1.01 2003.  9. 12.
  0.93  1.00 2003.  9. 19.
  0.93  1.01 2003.  9. 26.
  0.93  0.99 2003. 10.  3.
  0.90  0.98 2003. 10. 10.
  0.91  1.00 2003. 10. 17.
  0.93  1.01 2003. 10. 24.
  0.94  1.02 2003. 10. 31.
  0.94  1.03 2003. 11.  7.
  0.93  1.03 2003. 11. 14.
  0.93  1.01 2003. 11. 21.
  0.93  1.02 2003. 11. 28.
  0.92  1.02 2003. 12.  5.
  0.90  1.00 2003. 12. 12.
  0.88  0.96 2003. 12. 19.
  0.88  0.98 2003. 12. 26.
  0.91  1.00 2004.  1.  2.
  0.88  1.00 2004.  1.  9.
  0.87  0.95 2004.  1. 16.
  0.87  0.95 2004.  1. 23.
  0.90  0.98 2004.  1. 30.
  0.92  1.00 2004.  2.  6.
  0.92  0.98 2004.  2. 13.
  0.92  0.98 2004.  2. 20.
  0.94  1.00 2004.  2. 27.
  0.94  1.00 2004.  3.  5.
  0.94  0.98 2004.  3. 12.
  0.93  0.99 2004.  3. 19.
  0.93  0.98 2004.  3. 26.
  0.93  1.00 2004.  4.  2.
  0.93  1.03 2004.  4.  9.
  0.93  1.07 2004.  4. 16.
  0.96  1.13 2004.  4. 23.
  0.96  1.15 2004.  4. 30.
  1.00  1.20 2004.  5.  7.
  1.02  1.32 2004.  5. 14.
  1.03  1.34 2004.  5. 21.
  1.06  1.37 2004.  5. 28.
  1.16  1.43 2004.  6.  4.
  1.25  1.56 2004.  6. 11.
  1.30  1.66 2004.  6. 18.
  1.29  1.65 2004.  6. 25.
  1.30  1.65 2004.  7.  2.
  1.28  1.61 2004.  7.  9.
  1.32  1.64 2004.  7. 16.
  1.34  1.66 2004.  7. 23.
  1.43  1.74 2004.  7. 30.
  1.45  1.71 2004.  8.  6.
