   0.428
  -0.428
  -1.439
   1.511
   2.398
   4.263
   1.227
  -0.729
   1.647
  -3.288
  -1.326
   0.614
   1.217
   0.269
  -2.649
   1.163
   0.543
   1.710
   3.014
  -0.097
  -2.817
   2.494
  -0.194
  -1.308
  -1.592
   2.251
  -1.385
  -0.199
   0.795
   1.896
   0.130
  -0.065
   0.837
   1.085
  -0.254
   4.054
   0.366
  -0.366
  -0.244
  -3.619
  -0.637
  -0.834
   2.168
  -2.233
  -1.168
   1.297
  -1.493
   0.522
  -0.588
   0.424
  -0.033
   1.231
   1.724
  -0.762
  -1.478
  -0.910
  -1.580
  -3.994
   1.983
  -3.795
  -1.559
   0.995
  -3.784
   2.896
  -0.536
   2.619
   0.697
  -0.139
   1.791
  -1.964
  -0.874
  -0.211
   3.254
  -2.623
   1.113
  -1.779
  -1.991
  -1.483
  -3.864
   2.985
  -0.442
  -2.090
   3.847
   2.082
  -1.649
   1.719
   1.480
   1.390
  -0.069
  -1.675
   1.675
   3.335
  -1.824
   2.091
  -0.535
   1.598
  -1.732
   1.169
   0.232
   2.810
   0.193
   1.531
   0.695
   0.877
  -0.625
  -1.773
   2.210
  -0.376
  -0.063
  -0.251
  -2.161
  -0.387
   1.600
  -1.471
   0.386
  -1.162
  -0.717
   2.550
   0.000
  -1.769
   2.246
  -0.063
  -0.700
   0.383
  -0.639
  -1.355
   3.008
   0.126
  -0.822
   2.446
   0.062
   0.679
   0.308
   1.581
   0.181
  -1.578
   1.277
  -0.302
   0.363
   0.181
  -0.121
   0.421
   0.599
   1.424
  -0.650
  -0.534
   1.008
   0.000
  -0.829
   0.415
  -0.655
   0.179
   0.239
  -0.537
   0.180
  -0.239
   0.060
   0.239
  -0.209
  -0.811
  -0.848
  -0.182
  -1.535
   0.679
  -0.370
  -1.366
  -0.627
   1.561
  -0.435
   0.775
   0.952
  -0.061
  -0.061
  -0.061
   0.184
   0.306
   0.790
  -0.911
   0.122
   0.971
  -0.666
   0.726
  -0.181
   0.663
   1.135
  -0.059
   0.059
   0.000
  -0.834
   1.132
   1.790
   2.782
   1.599
  -0.979
  -0.535
   0.872
  -0.056
  -0.732
  -0.509
   0.000
   2.134
   1.544
   0.871
   0.324
   0.350
   1.258
  -0.320
  -1.019
   0.270
   0.803
  -0.695
  -1.569
   0.653
   2.096
   0.106
   0.951
  -0.792
  -0.159
   0.318
  -0.425
  -0.640
  -0.914
   0.914
  -0.214
  -0.323
  -0.324
  -1.086
   0.436
   2.151
   1.531
  -0.842
   0.158
  -0.848
   0.000
  -0.373
  -1.289
   0.593
   0.697
  -1.019
  -0.054
  -0.867
  -0.163
  -0.328
  -0.493
   0.165
  -1.437
  -0.502
  -1.807
  -1.031
   0.460
  -2.260
   2.775
   0.738
   0.733
  -2.043
   1.112
  -0.883
  -0.688
  -0.578
   0.232
   0.634
  -0.518
  -0.811
  -0.058
  -0.291
  -0.292
   0.409
   0.117
   0.581
   0.347
   2.283
  -1.938
   0.115
  -0.692
   1.322
   1.136
  -1.053
   0.428
   1.020
   0.450
   1.945
   0.603
  -0.658
  -0.331
  -0.110
  -1.224
   0.503
   0.833
  -0.888
   0.333
  -1.794
   0.338
  -0.225
   0.507
   0.616
   0.112
   0.556
   1.760
  -0.437
   0.328
  -0.218
  -0.109
  -0.219
  -0.110
   0.027
  -1.132
   0.940
   0.494
  -0.439
   1.745
  -0.978
  -1.706
  -0.390
   0.777
  -0.499
  -0.111
   1.710
   0.980
   1.718
  -1.502
   0.000
   0.647
   0.749
   1.482
   0.419
   2.531
   0.407
   0.507
  -0.152
  -1.632
  -0.619
   0.413
   1.738
   0.757
  -1.214
  -1.435
   1.993
  -1.119
  -0.667
  -0.829
   0.313
   0.621
   0.515
   0.205
   0.307
  -0.512
  -0.412
  -0.932
  -1.732
  -0.053
  -1.710
   0.269
   1.282
   1.422
   1.506
   1.381
  -0.509
  -1.337
   0.928
  -0.617
  -0.103
  -0.622
  -0.208
  -0.995
   0.000
   0.158
   1.564
   0.000
  -0.103
   0.104
  -0.103
   0.311
   1.230
   0.610
   1.108
   1.590
   1.953
  -1.363
   0.294
  -0.686
   0.979
   2.976
   0.847
   0.561
  -0.187
   4.746
  -1.980
   0.544
  -0.181
  -1.829
   0.919
   0.456
  -0.639
  -1.105
  -1.117
  -1.891
   0.949
   2.427
  -0.185
  -0.046
  -0.651
   0.000
   0.187
   0.557
   0.369
   0.735
   1.454
   0.271
  -0.451
   0.181
   0.000
   0.271
   0.225
   2.352
   0.960
  -1.576
   0.440
  -0.794
  -0.089
  -1.070
   0.803
   0.973
   0.000
   0.088
   1.180
   1.681
   0.596
  -0.682
  -0.171
  -0.645
  -0.432
  -0.477
   0.952
   0.344
   0.770
   0.340
   0.085
   0.887
   0.168
   0.461
   0.084
  -0.251
  -1.477
  -0.639
   0.128
   1.946
  -1.095
  -0.723
  -0.342
  -0.300
   0.556
  -0.600
   1.366
   0.676
  -1.698
  -0.171
  -0.344
   0.429
  -1.207
  -1.090
   1.609
   0.774
   0.128
  -0.128
  -0.128
   0.214
  -0.086
   0.427
   0.128
  -0.469
   0.512
   0.636
   1.051
   1.506
   0.770
   0.408
  -1.281
  -0.310
  -1.148
   0.732
  -1.416
   0.474
  -1.164
  -1.771
   0.486
  -0.649
   1.933
  -0.640
   0.427
   0.743
   0.738
   0.681
   0.572
  -0.938
   0.418
   0.261
  -0.417
   0.521
  -0.052
  -0.626
  -0.157
  -0.052
   0.835
   0.622
   0.823
   0.613
  -0.408
  -0.256
  -1.082
  -0.207
  -1.993
   1.053
   0.418
   0.000
  -1.049
  -0.370
  -0.159
  -0.319
  -1.339
  -0.486
  -0.217
   0.892
  -0.675
   0.108
  -0.488
  -3.149
   1.508
  -1.396
   0.951
   0.000
  -0.783
   0.671
   0.888
  -1.222
   0.112
   0.056
  -0.954
  -2.165
   1.145
  -0.887
  -1.535
  -0.175
   0.525
   1.786
   0.626
   0.114
   0.227
   0.508
  -0.028
  -0.877
  -1.143
  -2.118
  -0.205
  -3.166
   1.086
   2.402
   1.714
  -1.978
   0.235
  -0.234
   1.052
   0.464
   1.551
  -0.801
   0.516
  -0.229
  -0.402
  -0.404
  -0.637
  -1.228
   0.118
   0.703
   0.581
  -0.698
  -1.650
   0.238
   0.826
   1.285
  -0.698
  -0.880
   0.059
  -0.354
  -0.385
  -1.525
   0.360
   0.598
   0.357
  -0.119
  -0.418
   0.000
   0.419
  -0.060
   0.119
   0.000
   0.000
   0.119
   1.596
   1.340
  -0.231
  -2.347
   0.000
   1.122
  -0.648
  -0.951
  -0.478
  -0.120
  -0.965
  -1.219
   0.123
   1.097
   1.085
  -0.120
  -2.062
  -0.214
   0.460
   1.034
  -0.545
  -0.091
   0.091
   0.486
   0.483
   0.000
  -0.241
  -0.728
   0.606
  -0.181
  -0.546
   0.183
  -0.427
  -1.074
  -0.247
   1.138
   2.178
   1.720
  -0.649
   0.237
   0.177
   0.939
   1.565
   1.257
   0.848
  -0.056
  -0.169
   0.843
  -0.280
  -0.506
   1.177
   0.111
  -0.111
  -0.671
   0.112
  -0.507
   1.459
  -0.727
  -1.015
   1.239
  -1.580
   0.114
   0.199
  -1.802
  -0.695
   0.579
   2.511
   0.898
   0.112
   0.334
   1.106
   0.275
  -0.110
   0.165
  -0.550
  -1.053
   0.721
   0.497
   1.312
  -0.709
   0.546
   1.082
   0.590
  -0.698
  -0.216
   0.323
  -0.324
   0.108
  -0.486
  -0.489
  -0.656
  -1.547
   1.273
   0.000
  -0.110
   0.329
   0.383
   0.436
  -0.655
  -0.110
   0.438
   2.586
  -0.106
   0.531
   0.106
  -0.106
   1.472
  -0.104
  -0.419
   0.628
   0.156
  -0.260
   0.000
   0.000
   0.209
   1.037
  -0.309
   0.516
   0.103
   1.026
  -1.025
  -1.245
   0.209
   1.011
  -0.180
  -0.518
  -1.465
   0.316
   0.419
  -1.052
  -0.850
  -1.938
   2.363
  -0.853
  -0.107
   2.435
  -2.007
   1.377
  -0.846
   0.740
  -0.053
  -1.219
  -2.157
  -1.207
   0.385
  -0.607
   1.374
  -0.273
   1.250
  -0.054
  -0.433
  -0.435
  -0.218
  -0.438
  -1.940
  -0.956
   1.681
   1.762
   0.653
   0.756
  -0.810
  -0.599
   1.946
   0.587
  -0.587
  -0.214
   0.908
   0.318
   0.581
   0.000
  -1.781
  -0.672
  -0.433
   1.079
  -0.054
  -0.377
   1.603
   0.844
   0.733
  -0.576
   1.070
   1.011
  -0.672
   0.414
   0.103
  -0.310
   0.311
   1.130
   0.611
  -0.051
  -0.305
   0.407
  -0.560
   0.407
   0.608
   1.355
  -0.550
   0.050
   0.250
  -0.050
  -0.250
   0.200
   0.349
   0.447
  -0.149
  -0.248
   0.447
  -0.099
   1.429
  -0.294
  -0.049
   0.539
   0.536
  -0.535
   0.487
   0.388
  -0.194
  -0.681
   0.682
  -0.486
  -0.292
   0.196
  -1.079
   0.443
   0.441
   0.390
  -0.488
   0.780
   0.774
  -0.822
   0.243
  -0.194
   0.533
   0.530
   0.240
   1.096
   0.000
   0.284
  -0.284
  -0.666
   1.232
   0.189
   0.282
   0.281
   0.351
   0.490
  -0.186
   0.372
  -1.120
   0.141
   0.234
   0.653
   0.093
   0.786
   0.597
  -0.643
   0.000
  -0.370
  -0.929
   0.000
   0.000
  -1.411
  -0.570
  -1.729
  -2.850
   0.992
  -0.892
   1.287
   0.588
   0.828
   0.435
  -0.290
  -1.955
  -2.296
   0.805
  -0.100
   0.650
   0.992
  -0.197
  -1.344
   0.200
   0.449
  -0.850
   0.401
  -0.200
  -1.108
  -0.304
   0.659
   0.553
  -0.050
  -0.301
   0.302
  -0.453
   0.603
  -0.503
  -0.709
  -1.844
  -1.039
   1.040
   1.539
   0.609
   2.893
  -0.493
  -0.694
  -1.101
  -0.201
  -0.809
  -0.408
   1.268
   0.252
   0.950
   1.457
   0.809
   0.923
   1.488
  -1.005
  -1.210
   0.969
  -0.799
  -0.317
  -0.489
  -0.590
  -0.099
   1.080
   0.584
  -1.961
  -1.095
   0.748
   0.248
  -1.398
  -0.101
   1.893
  -0.594
  -0.697
  -0.050
  -0.250
   0.799
  -0.499
  -0.200
   1.984
   0.587
   0.000
   0.972
   1.535
  -0.813
  -0.337
  -1.553
   0.973
   0.964
   0.574
   0.949
   0.377
   1.681
   1.858
  -2.043
   0.647
   3.220
  -1.302
  -1.091
  -0.367
   0.548
   1.269
   0.000
  -2.555
   2.555
   1.075
  -1.076
   0.449
   0.447
  -0.492
  -1.582
  -1.933
  -1.404
  -1.951
   0.814
   1.279
  -1.374
  -0.959
   0.193
  -0.675
   2.486
   2.552
  -0.381
   1.990
   1.644
  -0.537
   0.135
  -0.135
  -2.249
  -2.159
  -1.857
  -1.014
  -1.910
  -0.894
   1.486
   2.907
   0.000
  -1.153
   0.290
  -1.017
   1.052
   3.094
   1.529
   0.138
  -0.275
  -1.671
  -0.281
  -1.347
   0.356
  -0.965
   0.680
   1.135
  -0.141
   1.089
   0.869
  -1.044
  -0.351
   0.140
  -1.555
   0.957
   1.018
   0.000
  -1.548
  -0.855
   1.526
  -0.106
  -1.995
  -0.144
   0.359
  -1.228
  -0.949
  -2.564
   0.113
   1.640
   1.759
  -0.328
   0.036
  -0.482
  -0.663
   0.664
   2.683
  -0.430
  -1.301
  -0.438
  -1.919
   0.000
  -1.956
   0.076
  -0.381
  -1.150
  -2.854
  -2.612
   3.756
   0.547
   0.000
  -0.156
  -0.863
  -0.712
  -1.842
   1.842
   1.731
  -0.469
   1.401
   3.493
  -1.656
  -0.152
  -2.151
  -2.118
   1.222
  -0.039
   2.324
   0.306
  -2.629
  -1.183
   0.711
  -2.109
  -0.443
   0.162
  -1.544
  -4.224
   5.525
  -1.384
   2.589
   1.270
  -0.315
   0.158
   2.651
  -2.335
   0.315
   1.093
   0.000
   0.850
   1.452
   1.056
   0.561
  -0.863
   2.381
   1.315
   0.174
   0.724
   0.719
   0.143
   0.854
  -0.142
  -0.713
   0.854
   1.688
  -0.419
  -0.562
  -1.992
   0.000
   2.273
   2.838
   1.153
   0.673
   0.801
  -1.575
  -0.848
   1.421
   0.936
   1.518
   0.392
  -1.712
   1.188
   0.327
  -0.196
  -2.253
  -0.470
  -0.338
   0.808
  -0.268
  -0.674
  -0.542
  -0.477
   0.341
   0.544
   0.676
  -0.675
  -1.090
   0.954
   2.545
   2.094
   0.774
   1.277
  -0.509
   1.141
  -3.073
   0.906
   0.770
  -0.321
   0.064
   1.905
   0.502
  -0.880
   0.253
   1.128
   0.744
  -1.244
  -1.640
   0.887
   0.629
   0.025
   0.000
   2.848
   1.093
   0.000
   1.409
   1.800
   1.279
  -1.571
  -0.382
  -0.265
   0.118
  -0.355
   0.590
  -2.141
   3.310
   2.299
   0.284
  -0.283
   0.000
  -0.227
  -0.514
  -0.057
   0.855
   0.170
  -1.370
   1.596
   1.794
   0.056
  -1.398
   0.169
  -0.056
   2.445
   1.200
  -0.653
  -0.218
   0.055
  -1.376
  -2.469
   0.227
   0.791
   2.005
  -1.528
  -1.324
   2.077
  -0.781
   2.106
   0.547
  -0.055
   0.435
   1.456
   0.374
  -0.160
   1.116
   1.676
  -0.365
   3.484
   0.000
  -0.220
   0.104
  -0.052
  -0.104
  -0.311
  -1.099
  -3.044
   1.079
   0.268
   0.054
  -0.752
   2.132
   0.211
   0.211
  -0.844
   0.000
   0.581
  -2.075
   1.705
  -0.636
   0.000
  -0.801
   2.069
  -1.482
  -0.749
   2.545
   0.574
   0.571
   0.619
   0.309
   0.818
   1.565
  -0.050
   0.100
  -0.300
   0.000
  -0.301
   0.101
   1.001
   1.581
  -1.283
  -0.898
   0.100
  -0.401
   0.302
   0.549
  -0.100
   0.050
   0.398
   0.496
  -0.595
   0.199
  -0.248
   0.199
  -0.248
  -1.302
   0.402
   0.100
  -0.604
  -0.912
   1.666
   1.145
   0.297
   0.247
   1.320
  -0.977
  -0.294
   0.295
   0.167
   0.295
  -1.132
  -1.899
  -0.709
  -0.509
   0.102
   0.914
  -0.507
   1.112
   0.101
  -0.806
   0.404
  -0.911
  -1.177
  -0.051
   1.127
   0.406
   1.360
   0.050
   0.399
   0.497
  -0.348
   0.249
   1.770
   0.777
   0.000
  -1.168
   0.000
   0.488
   0.776
  -0.678
   5.027
   0.369
   1.917
  -1.365
   0.411
   0.455
  -0.364
  -1.008
   1.145
   0.000
   0.726
   2.676
   0.614
  -0.262
   1.739
   0.000
   1.029
  -0.513
  -1.208
   1.551
   1.105
   0.967
  -1.136
  -0.085
  -0.169
   0.887
   0.546
  -0.167
  -0.504
  -1.571
  -0.300
  -0.240
   0.172
  -0.778
   0.519
   1.286
   0.510
  -0.509
   1.354
   2.490
   0.979
  -2.631
   2.956
  -0.894
   0.245
   0.488
  -0.487
   0.000
  -0.327
   0.652
   2.248
  -0.159
   0.594
   1.139
   0.701
   0.155
  -0.699
   0.389
   0.697
  -1.673
  -3.068
  -0.081
   1.208
  -0.441
  -1.416
   0.488
   1.370
  -0.080
   0.399
  -2.177
  -1.230
  -2.888
   0.719
   0.756
   0.167
   0.915
   0.825
   1.142
   1.130
  -1.130
   0.000
   0.889
  -0.080
  -2.280
   2.602
  -1.456
   0.488
   0.243
  -0.649
  -0.817
  -2.492
   0.837
  -0.586
  -0.370
  -0.932
   0.933
  -2.304
  -1.392
   0.000
   2.422
   0.171
  -1.548
   1.398
   1.674
   0.670
  -1.556
  -0.383
   1.100
  -0.675
  -1.710
  -0.518
  -2.634
   1.370
   3.067
  -0.427
  -0.944
   2.303
   0.421
  -0.844
  -3.009
   2.775
   0.276
  -1.578
   0.899
  -1.157
   0.944
   0.341
   1.100
   0.671
   0.417
   1.978
   2.975
   0.632
   0.628
  -0.235
  -1.183
   1.887
  -0.156
   1.240
  -0.116
  -0.502
  -0.310
  -0.468
  -0.549
  -0.079
   2.943
  -0.305
   0.458
   0.456
   1.432
   1.337
   1.247
   1.447
  -0.968
  -0.291
   0.255
  -0.109
  -0.657
  -0.698
  -1.150
   0.149
  -0.298
  -0.977
  -1.905
  -0.038
   1.566
  -0.303
  -0.763
   0.915
   0.906
   0.898
   3.009
   3.202
   4.919
  -1.410
  -1.293
   0.819
   0.542
   0.203
  -0.202
  -2.740
  -1.188
  -2.634
   0.072
   3.333
  -0.070
  -2.831
   1.779
   1.679
  -1.890
  -0.638
   0.142
   1.691
   1.936
  -0.550
  -1.387
  -0.912
   0.632
  -0.562
   0.841
  -3.699
  -0.874
   0.511
  -2.429
  -1.048
  -0.151
   2.163
  -0.258
  -0.364
  -0.149
   0.742
  -0.594
  -0.298
   1.113
   1.319
  -1.246
   0.441
   1.313
  -0.145
  -0.290
  -1.540
   0.516
  -0.590
   0.000
  -0.892
   0.447
   0.740
   0.221
   0.221
  -0.589
  -0.444
   0.000
   0.148
  -0.445
   0.223
  -0.297
  -1.425
   1.797
   0.000
  -0.372
  -1.047
   0.825
  -2.417
  -0.768
   1.983
  -0.227
   0.151
  -0.379
  -1.375
  -1.628
  -1.497
   1.262
   2.477
   0.000
  -0.921
  -1.869
  -0.394
  -1.031
  -1.284
  -0.600
   0.649
   1.923
  -1.600
   2.154
  -0.475
   1.496
   1.242
   0.309
   0.613
  -1.386
   0.772
   0.308
   0.536
  -0.229
   0.837
   1.430
  -0.224
  -1.433
   0.304
  -0.456
  -0.764
   0.307
   0.306
  -2.157
  -1.412
  -0.237
   1.181
   2.014
  -1.235
  -1.329
   1.018
  -0.390
  -0.235
  -1.739
   0.477
  -0.398
  -0.560
  -3.092
   0.330
   0.821
   1.299
  -1.380
  -1.899
   2.794
   0.081
   1.288
  -1.693
  -2.469
   0.995
   0.000
  -0.828
  -0.250
   0.000
   0.000
  -1.175
   0.084
  -0.084
  -0.465
   0.465
   0.169
   0.437
   0.252
   1.664
   0.822
   1.543
  -0.484
  -2.875
   0.000
  -1.511
   0.000
   0.422
  -0.168
   0.756
  -0.842
  -0.891
   0.891
   0.589
   1.830
  -0.745
  -0.416
   1.243
  -0.165
  -1.120
  -1.640
   0.338
   2.009
  -0.623
   1.202
   0.657
   0.000
   0.326
   0.488
   0.486
   0.563
   0.880
  -0.319
  -0.641
  -0.080
  -1.132
  -0.244
   1.778
   0.559
  -0.479
  -0.966
   0.403
  -0.566
  -0.650
   0.488
  -0.081
   1.450
  -0.401
   1.356
   0.710
   2.025
   0.921
   0.229
  -0.765
   0.551
   0.306
   1.214
  -0.757
   0.228
  -0.837
  -0.153
   1.519
   0.751
  -1.205
   0.152
  -1.909
  -1.476
   0.935
   0.078
   1.308
   0.000
  -1.464
  -0.155
  -0.859
   0.157
  -0.470
   0.314
  -0.313
  -0.947
  -0.877
  -0.643
  -0.242
  -0.486
   1.130
   0.640
   0.239
   0.000
  -0.080
  -0.559
   1.036
   3.121
  -1.548
   2.845
   0.530
   1.867
  -0.074
   3.064
   0.930
  -0.929
  -3.509
  -0.747
  -1.968
   1.367
  -3.063
   0.620
   1.534
  -0.304
  -1.384
  -1.482
   0.626
  -1.020
  -0.158
  -1.072
  -0.040
   0.796
   2.813
   1.832
  -0.839
   2.344
   0.447
  -0.672
  -0.075
  -1.282
   0.379
   1.353
   1.113
   0.221
   0.514
   0.220
   1.415
   0.611
   0.357
  -2.677
  -0.293
   0.806
   1.520
  -0.866
  -0.436
  -0.804
  -0.147
  -0.663
  -0.817
   0.964
   2.911
  -1.445
   0.580
  -0.435
   0.796
   0.072
   0.431
   0.714
   2.114
  -0.350
  -0.070
  -2.625
  -0.360
  -0.072
  -0.289
  -0.508
   0.291
   0.073
   1.082
  -0.720
  -1.310
   1.598
  -0.144
   0.216
   1.642
   0.283
  -0.638
  -0.213
   0.568
   1.127
  -0.421
   0.281
   2.082
  -0.137
  -0.552
  -1.463
   0.908
   0.278
  -0.277
   0.000
   0.278
   0.277
   1.240
   0.478
   0.273
  -0.204
  -0.683
  -0.413
  -0.138
   0.207
  -1.177
  -1.191
  -1.063
  -1.507
   0.145
   1.077
   1.980
   0.836
  -1.117
  -0.246
   0.527
   0.000
  -0.421
   0.141
  -0.140
   0.000
   1.119
  -0.418
  -1.336
  -0.496
   2.459
   1.720
  -1.651
  -2.529
   0.991
   1.676
  -0.765
   0.348
   1.381
   0.069
   0.955
   0.068
   0.068
   0.203
  -0.135
  -0.340
   1.719
  -0.100
   2.053
  -3.128
  -5.489
   1.840
  -0.422
   0.282
   0.000
  -2.130
  -0.937
  -1.239
  -0.736
  -0.965
   2.286
   0.073
  -1.394
   0.427
   1.756
   1.440
  -1.078
   2.568
  -0.849
  -0.856
   0.072
   0.143
   0.428
   0.214
  -0.713
  -1.441
   0.145
  -0.217
  -1.169
  -1.406
  -0.673
  -1.056
  -0.152
  -1.222
  -2.648
   3.032
   0.611
   0.076
  -1.378
  -1.320
   0.778
  -0.078
   0.039
  -0.817
   0.702
   1.846
   1.513
   0.075
   1.045
   0.519
  -0.222
  -1.717
  -1.671
  -1.855
  -0.156
   1.242
   0.539
   1.750
  -1.366
  -0.690
  -0.463
  -0.776
   0.545
   0.618
  -1.085
  -2.524
  -1.084
  -0.202
  -2.457
  -3.802
   3.387
  -0.752
  -0.017
  -4.745
   0.000
   1.577
   0.780
   0.259
  -1.736
  -1.057
  -2.691
  -2.392
   0.835
  -0.277
  -4.352
  -3.144
  -2.016
   1.013
  -2.864
   0.414
   6.789
   3.042
   4.037
   3.186
  -1.404
   0.000
  -4.241
  -0.462
  -1.399
   0.748
  -1.030
  -2.382
  -0.096
   0.000
   4.529
  -1.956
   2.325
  -0.645
  -0.650
  -4.328
  -0.829
   1.169
  -0.194
   0.000
  -2.956
   1.587
  -1.288
  -2.525
  -0.821
   4.041
   0.691
  -1.586
  -1.004
   1.403
   0.299
   0.791
   2.142
  -0.580
  -0.097
  -1.466
   1.174
  -1.273
  -0.197
  -0.197
  -0.099
   0.395
  -0.020
  -1.196
   0.400
  -0.200
  -0.502
  -1.214
  -2.058
  -0.940
  -3.252
  -3.362
   3.036
   2.311
   1.895
   0.000
   2.065
   1.822
   5.274
   0.475
  -0.095
   0.567
   2.237
  -1.860
  -0.896
   0.047
   2.155
   0.831
   1.097
  -0.730
  -1.755
   0.186
  -1.028
   0.141
   1.721
   2.010
   1.347
  -1.710
  -0.820
   2.797
   2.634
   0.000
   0.519
   0.601
   0.000
   1.783
   0.755
   2.475
   0.122
  -0.449
  -2.484
  -0.715
  -2.004
   0.601
  -0.171
   0.514
  -0.771
  -2.173
   2.302
  -0.776
  -0.303
   2.402
  -1.796
   0.430
   1.872
   0.673
  -1.112
   1.937
  -1.216
   0.042
  -1.232
   0.469
   1.183
   0.503
  -0.587
  -0.042
  -1.355
   0.043
  -0.128
  -0.814
   0.172
   1.872
   0.839
   0.333
  -0.334
   3.128
  -0.406
   0.244
   1.929
  -0.799
   0.080
   1.354
   0.079
   0.316
   0.079
  -0.157
  -1.992
   0.080
   0.641
   0.000
   0.796
   0.553
  -0.395
  -1.114
   0.797
   1.105
   0.547
  -0.234
  -0.550
  -1.506
   1.033
   0.551
  -0.552
  -0.555
  -0.638
   1.035
  -0.040
  -0.357
  -1.441
   0.563
   0.320
   0.637
   0.238
   0.316
   1.645
   1.312
  -1.080
  -1.562
   2.489
   0.537
   0.153
   0.267
   0.569
   2.185
   1.255
  -0.662
  -0.370
   0.444
   0.221
   0.624
  -1.511
  -2.179
  -0.304
   0.683
   1.427
   0.891
  -1.264
   0.746
   0.740
  -0.295
  -0.222
   1.033
   1.384
   0.864
   0.143
  -0.072
  -0.287
   1.781
   2.649
  -0.275
   0.276
  -0.690
  -0.104
  -0.591
  -0.770
  -0.211
   0.282
   0.560
  -0.420
   0.140
   0.140
  -0.421
   0.560
   0.765
   0.104
  -0.035
  -1.184
   0.070
   0.280
   0.209
  -0.699
  -1.200
   0.566
   0.563
  -0.847
  -0.283
   0.848
   0.282
   0.560
   0.904
   0.208
  -1.181
  -1.266
   0.071
  -0.141
  -0.355
  -0.986
  -0.650
  -0.728
   0.073
  -0.659
  -1.406
  -0.448
   1.191
   1.176
   1.739
  -1.156
  -0.876
  -1.180
   0.074
  -0.969
  -2.118
   0.534
  -0.686
  -1.621
   0.930
  -2.025
  -1.666
   1.823
   1.016
   0.929
  -1.827
   0.898
   0.620
  -0.776
  -1.728
  -0.476
   0.239
   0.159
  -0.717
  -0.561
   0.161
   0.719
   0.950
   0.237
   0.392
  -0.787
  -1.593
  -0.080
   1.514
  -0.317
  -4.215
  -0.664
  -0.669
  -1.181
   0.677
   0.839
   0.916
  -0.749
  -0.502
  -0.420
  -1.357
   2.280
  -0.922
  -1.870
   0.854
  -1.285
  -1.039
   0.000
  -0.070
  -0.526
   0.702
   1.819
   1.870
  -0.592
   6.242
   0.555
  -1.757
  -1.054
   0.649
   1.844
   1.106
  -1.106
  -0.238
   0.477
  -1.719
  -1.995
  -0.825
  -0.665
   2.718
   0.728
   0.161
  -1.338
  -0.368
  -1.735
  -0.083
   1.078
  -0.662
  -0.083
   1.075
   0.492
   0.733
  -0.898
  -0.082
  -0.287
   0.123
  -0.494
   0.329
   0.738
   0.163
   0.407
   0.405
  -0.162
  -1.223
   0.327
   3.020
  -1.882
  -0.486
   0.324
  -0.813
   0.894
  -1.302
  -0.329
  -0.784
   0.124
  -0.998
  -0.671
   0.420
   0.751
  -2.741
   1.063
   2.506
  -0.912
   0.349
  -0.250
  -0.084
  -0.587
  -1.696
   0.682
   0.000
   2.600
  -0.332
  -2.098
  -0.425
  -0.598
  -0.429
   0.429
   2.371
   1.165
   1.069
   1.381
  -0.081
   3.649
  -2.444
   1.190
  -1.110
   1.268
   2.181
  -0.077
  -1.320
   2.203
   3.566
   0.000
   0.734
   1.309
  -1.383
  -1.550
  -0.747
   1.709
  -0.665
  -0.595
   0.447
  -1.045
   2.080
   0.294
   0.000
  -0.662
  -0.221
   0.884
   0.366
  -0.366
   2.605
  -0.143
   0.000
   1.067
   2.861
   1.299
  -2.127
   1.514
   0.748
  -0.136
   0.000
  -0.068
   0.272
   1.213
   0.295
  -0.942
  -0.339
   1.013
   0.402
  -0.469
   0.469
  -1.279
   0.203
  -0.101
  -0.441
   0.272
  -0.068
   0.136
  -1.159
   2.103
  -1.488
   0.408
   1.079
   1.002
   0.331
   0.660
   0.982
  -0.457
   0.262
  -1.248
  -1.331
  -0.470
   0.403
   0.000
   1.066
  -0.033
  -0.100
   0.331
   1.184
   0.131
   0.586
  -0.032
  -1.275
   0.590
   0.846
   0.904
   0.768
  -0.255
  -0.449
   0.320
   0.000
   1.777
  -0.821
   0.190
   0.000
   0.190
  -1.207
  -0.834
  -0.712
   0.000
  -0.913
  -0.394
   0.263
   1.303
  -0.911
  -0.656
  -0.263
   1.791
   1.099
  -0.645
  -1.829
   1.180
  -0.065
  -0.392
   1.171
  -0.715
   1.487
   1.276
   0.443
   1.192
   0.249
   0.249
   0.248
   0.000
  -2.126
   0.567
   0.314
  -0.125
  -1.009
  -0.381
   0.571
  -0.635
  -0.447
  -0.834
   1.281
   1.766
  -0.565
   0.314
  -0.566
   0.126
   0.126
  -0.441
  -0.190
  -0.698
   0.000
  -0.415
   0.224
   0.128
   0.794
   1.226
   0.934
   0.062
  -1.246
  -0.502
  -0.315
  -1.016
   0.382
  -1.344
   0.129
   0.385
   0.192
   1.461
   0.565
  -0.188
  -0.883
   0.632
   0.252
   0.689
   2.282
  -0.244
   1.841
   0.181
   0.420
   0.120
   1.247
   0.000
   0.471
  -0.176
  -1.065
  -1.016
  -0.663
  -0.424
  -0.243
   0.547
   0.061
  -1.402
  -0.307
  -0.432
   1.107
  -0.183
   0.123
  -0.553
  -0.370
  -0.869
  -0.437
  -0.188
  -0.566
  -0.379
   0.756
   0.376
  -0.439
  -0.378
   0.189
   0.878
  -0.250
  -0.313
   0.000
  -0.031
   2.205
  -0.678
   0.555
  -0.308
   0.369
  -0.864
  -2.067
   1.633
  -0.311
  -1.574
  -0.828
  -1.612
  -1.440
  -3.901
   1.566
   2.336
  -0.132
   2.221
   0.900
  -0.321
  -1.488
  -1.577
   0.330
   0.264
   1.503
   1.033
   0.384
  -0.834
  -1.756
  -0.830
  -1.337
   0.202
   1.202
   2.942
  -0.971
   0.195
  -0.260
   0.260
   0.582
   1.728
  -1.277
  -0.904
  -0.847
   1.235
   1.029
   1.774
   0.626
  -0.626
  -0.251
  -0.063
   1.563
   0.310
  -1.308
  -0.691
  -0.189
   0.662
  -0.915
  -1.148
  -0.128
  -1.032
   1.289
   0.319
   1.834
   0.749
   1.726
   0.061
   0.609
   1.686
   0.000
  -0.299
  -1.447
   0.907
   1.138
   0.771
  -0.177
   0.354
   1.143
   2.334
  -0.685
   1.874
  -1.874
   0.400
   0.853
  -0.568
  -0.800
  -1.504
   0.175
   0.058
   1.786
   0.490
  -0.228
   1.924
   0.559
   0.555
  -1.199
  -0.930
  -0.057
   1.295
  -0.730
   0.056
  -2.393
  -0.579
  -1.873
   1.989
  -1.048
   3.453
  -0.738
  -0.343
   0.854
  -0.113
  -0.227
   0.681
   0.507
   0.895
  -1.064
  -0.113
  -1.276
  -0.029
  -1.670
  -1.168
   0.586
   1.046
   1.149
  -0.688
   0.973
  -1.666
  -0.814
  -0.880
  -0.295
  -0.030
   0.148
   1.407
   1.100
  -0.925
   0.464
  -0.580
  -1.053
  -0.059
   1.634
  -0.696
  -0.819
  -2.438
  -1.884
   0.550
  -1.104
   0.677
   0.732
   1.058
   2.055
  -0.200
  -1.132
   1.192
  -1.914
  -0.849
  -1.195
  -2.370
   0.973
   0.000
  -0.753
  -2.036
  -0.580
   0.836
  -0.064
   2.721
   1.856
  -0.892
  -1.401
  -1.341
  -1.521
  -0.081
   2.314
  -0.633
   2.198
   0.697
  -0.387
   1.917
   0.076
  -2.614
  -0.861
  -1.344
   1.266
   1.095
  -1.884
   0.395
  -2.558
   1.288
   0.160
   2.054
  -0.864
  -3.777
  -2.236
   0.502
   0.083
   1.734
   2.744
   1.893
  -1.972
  -1.202
   2.862
  -2.862
   1.362
   0.239
   0.000
  -0.717
  -0.321
   2.299
  -0.078
  -0.235
   0.861
  -1.968
  -0.959
   0.481
  -0.480
  -0.161
  -0.970
  -0.939
  -0.164
  -0.744
   0.083
  -0.582
   0.913
  -0.663
   0.000
  -0.250
  -0.669
   0.000
   0.503
  -0.335
   2.074
  -0.164
   0.082
  -0.330
  -0.745
  -1.379
   0.295
   0.168
  -0.715
  -0.976
  -2.503
   1.561
   0.600
   1.948
  -9.129
  -4.705
   4.244
  -0.742
  -3.310
  -3.324
   3.131
   0.384
  -0.192
  -0.772
  -0.097
  -0.877
  -2.778
   1.200
   3.131
   0.863
   2.664
   4.574
   2.523
   0.355
  -0.980
   0.936
   0.487
   1.489
   1.381
  -4.025
   2.120
   0.523
   0.521
  -1.218
  -0.175
  -2.307
   0.626
   0.356
  -0.357
  -1.257
  -0.271
   0.272
   2.364
  -1.383
   2.088
   1.917
  -0.954
  -2.469
   1.594
  -3.034
  -1.460
   1.731
  -1.548
  -2.414
  -0.944
   2.159
  -1.214
  -0.377
  -2.484
  -1.265
  -0.787
   2.919
   1.617
  -0.758
  -4.471
  -0.349
   0.547
  -2.410
  -2.469
   3.882
   0.500
  -3.140
  -1.034
  -1.255
   4.528
   2.582
  -2.281
  -1.008
  -1.634
  -1.452
  -3.618
  -1.529
   0.329
  -0.110
   0.547
   4.691
  -1.258
   0.893
   1.916
   2.832
  -1.912
  -0.408
   1.920
  -0.703
  -0.607
   0.203
  -1.069
  -0.461
   1.225
  -0.407
  -1.644
  -1.778
  -0.105
   0.749
  -0.422
  -1.332
  -2.223
   0.110
   0.437
  -1.207
   3.044
  -0.752
   1.605
   0.845
  -0.422
  -0.318
   0.844
  -0.315
   0.368
  -0.791
   0.317
   2.090
   1.029
  -1.859
   0.313
   2.464
   1.210
   0.200
  -0.501
   0.201
  -0.704
  -0.710
   0.203
  -1.329
   0.206
   1.630
   1.005
  -2.429
  -1.757
  -1.682
  -2.578
   1.833
   2.219
   0.365
  -2.798
  -1.185
   0.970
  -1.187
  -0.327
   0.435
   1.614
   0.000
   0.319
  -1.446
  -0.487
  -1.420
  -1.608
  -0.898
   1.733
  -0.444
   1.218
   1.203
  -0.272
  -1.371
  -0.888
   1.713
  -0.371
   1.971
  -2.861
  -1.122
   0.675
  -0.280
  -1.074
  -0.798
   0.000
  -0.345
  -0.634
   0.058
   1.149
  -0.803
  -2.982
   1.823
  -0.936
   3.013
   0.683
  -0.057
   3.182
   0.766
   0.435
  -1.642
  -0.776
   1.217
  -2.110
  -1.812
  -1.265
   0.231
  -1.278
  -0.352
   1.283
   2.630
  -2.399
  -1.985
   0.353
   0.000
  -0.590
  -0.712
  -2.045
  -3.336
   1.373
  -2.003
   0.505
   7.859
   1.843
  -2.426
   1.854
  -0.345
   0.345
   0.971
   1.074
  -0.564
  -2.869
  -4.038
  -1.589
   2.193
  -2.872
   0.062
  -0.497
   1.728
   2.179
   2.833
  -2.237
   0.000
  -2.673
  -0.370
  -1.118
   0.000
  -0.753
  -0.886
   1.513
  -3.957
   0.390
  -1.437
   1.825
  -0.778
  -0.392
  -1.316
   1.707
  -4.528
  -1.925
   1.242
  -1.799
  -3.409
  -0.871
  -3.788
  -5.364
  -2.917
   4.894
   1.400
   2.817
   2.374
   0.585
  -1.321
  -1.488
  -1.055
  -0.608
  -1.923
  -1.173
   0.783
  -0.469
  -1.103
  -0.956
   4.917
  -1.303
   5.990
   2.370
   1.059
   0.560
  -0.983
  -0.071
   1.610
   2.334
   4.381
  -2.499
  -3.111
  -0.413
  -2.232
   1.956
   5.908
   0.650
  -2.028
   1.248
  -1.049
   3.309
  -5.442
   1.751
   1.721
  -0.262
  -2.667
  -0.135
  -1.431
  -1.035
  -3.601
  -2.548
  -0.592
   1.764
  -0.585
   2.032
   1.709
   0.704
  -0.563
  -3.736
  -1.549
   0.962
  -2.084
  -1.059
   2.403
   2.056
  -0.145
  -1.319
  -1.336
  -1.203
   3.785
  -0.952
  -0.590
   0.296
  -2.237
   0.975
  -1.429
  -1.681
   1.225
   2.257
   0.520
  -0.817
  -0.523
  -0.526
  -1.519
   3.165
   1.619
  -1.175
  -0.593
  -2.864
  -1.696
  -1.646
   1.179
  -0.234
   2.399
  -0.306
  -0.077
   2.956
   9.859
   4.087
  -2.364
   2.897
   2.492
  -0.650
   4.150
  -1.195
   0.826
   0.505
   1.499
   4.189
   2.466
   2.123
  -3.761
   2.676
   0.000
   0.230
  -2.906
  -2.146
   2.146
   0.118
   1.519
   2.067
  -2.532
   0.407
   1.783
  -1.031
   1.145
  -1.839
  -1.167
   1.861
  -0.693
   1.497
  -1.846
  -0.116
  -2.359
  -0.179
  -2.175
   2.593
  -0.060
  -1.138
  -0.423
  -0.242
  -1.159
  -2.863
   0.000
  -0.063
   1.815
   3.893
  -0.658
  -1.513
   2.171
   0.000
   1.539
  -0.118
  -1.482
   2.068
  -0.881
  -1.846
  -0.542
  -0.424
  -1.714
  -0.123
   3.701
  -0.298
  -0.780
   2.907
  -1.889
   1.243
  -0.531
   2.240
   0.697
   3.413
   0.000
  -2.722
  -0.403
   1.090
  -1.379
  -1.516
   0.586
   2.252
  -1.264
  -1.280
  -0.411
   1.169
   1.385
   0.229
  -0.862
   0.633
  -2.086
  -0.705
  -0.236
  -0.593
  -0.835
  -1.146
   1.026
  -2.307
   0.368
   2.000
  -0.965
   3.160
  -0.706
  -0.474
  -0.596
  -0.119
   0.000
  -0.239
  -0.782
  -0.181
  -1.218
   1.037
   1.624
  -2.293
   0.365
   1.210
  -0.603
  -1.033
  -1.106
  -0.247
  -0.434
  -1.756
  -2.304
   0.646
  -1.950
   0.066
   0.718
   1.486
  -2.402
  -0.527
  -0.796
  -1.814
   0.877
  -0.674
  -1.653
   1.925
  -0.820
  -2.504
   1.260
   1.381
  -0.137
  -2.082
  -0.987
   0.565
   1.537
   0.966
  -2.082
   1.531
   2.860
   0.000
  -2.722
   0.825
  -0.411
  -1.105
   1.925
  -2.483
   0.557
   0.692
  -0.692
  -0.069
  -0.978
   0.908
   3.552
   1.598
  -1.464
   1.066
   1.317
   0.523
   2.062
  -2.716
  -1.320
  -2.624
   2.889
   3.386
   2.902
   0.124
   2.333
  -0.365
   0.364
   2.160
  -0.955
   0.120
   0.299
  -1.020
   2.030
   0.648
   0.176
   0.991
  -3.005
   1.012
   1.818
  -1.878
   0.059
   0.532
  -0.472
   1.059
   1.857
   0.577
  -0.347
   0.173
   1.433
   2.250
  -1.513
   0.507
   1.118
  -2.077
  -0.398
   0.681
   0.338
   0.225
   1.063
   0.167
   0.609
  -0.999
  -1.517
  -0.796
   0.513
  -2.531
   0.175
   0.406
   0.750
  -1.272
   0.406
   0.521
   1.432
  -0.057
  -0.114
  -0.800
  -0.807
   1.835
   0.623
   0.843
  -0.337
   0.336
   0.447
   0.998
   1.533
  -0.272
  -0.382
   0.818
   0.379
   1.927
  -0.638
   2.944
  -0.676
   0.986
   3.253
   1.143
  -2.149
   1.005
   1.686
   0.000
  -1.736
   0.449
   2.167
   0.486
   0.580
   0.673
   1.048
  -1.529
  -1.562
  -0.197
   1.759
  -1.072
  -1.083
   0.592
  -0.345
   1.032
   2.128
   0.287
  -0.670
   0.861
  -0.957
  -1.550
  -0.146
   1.408
   0.000
   0.048
  -1.212
   0.487
   0.966
  -0.482
   1.152
   1.516
  -1.612
  -0.720
   0.863
  -1.442
  -0.048
   0.291
  -0.193
   1.442
  -0.095
  -1.250
   0.386
   0.289
   0.000
   0.670
  -0.095
   1.986
   1.856
  -0.830
  -0.278
  -0.279
  -0.140
  -2.361
   0.714
  -3.083
   0.390
   1.018
   0.817
  -0.287
  -0.192
  -0.530
   0.242
  -1.311
   0.049
  -0.982
  -0.049
  -1.742
   1.396
  -0.995
   0.548
   0.350
   2.950
  -0.583
   0.195
  -0.586
  -1.280
   0.000
   0.297
   0.296
   1.273
  -1.371
  -1.490
   0.500
  -0.399
   1.292
   1.324
  -1.028
   1.369
  -0.585
  -1.179
   0.148
  -0.148
   0.099
   0.884
   0.877
   0.965
  -0.481
   1.342
   2.446
  -1.121
   1.678
  -0.649
   1.202
   1.188
  -0.272
  -0.320
   0.683
   0.453
  -0.816
   0.545
  -0.363
   1.085
  -0.541
   0.541
   0.627
  -0.763
  -0.361
  -0.136
  -0.727
  -0.823
  -0.553
   0.185
   0.552
   0.183
   0.912
  -1.187
   0.275
   0.000
  -0.322
  -0.138
   1.507
   0.316
   0.045
   0.228
  -0.272
   1.446
  -0.405
   0.045
   0.270
   0.403
   0.224
  -0.179
  -1.533
  -0.820
   0.183
  -1.474
   0.924
  -1.156
   0.324
   0.923
   0.504
   1.181
  -0.181
   0.766
   0.538
  -1.077
   0.360
   0.539
  -0.673
   0.135
   0.090
   2.045
   0.000
   0.088
   1.223
  -0.785
  -0.439
  -0.176
   1.051
  -1.008
  -0.841
  -0.044
  -0.311
  -0.178
  -0.358
   0.179
   0.624
  -1.073
  -0.090
  -2.274
   0.276
  -2.980
  -0.759
   0.428
  -0.047
   0.000
  -2.401
  -0.292
   1.163
   1.529
   0.945
   0.188
   1.951
  -0.184
  -1.205
   0.604
  -1.936
  -1.055
   0.289
   0.288
   1.332
  -0.949
   0.855
  -0.284
   1.507
   1.300
  -0.370
   0.554
  -0.786
   1.061
   0.687
  -1.008
  -0.138
   0.368
  -0.923
   0.924
   0.367
  -0.827
   0.736
  -0.459
  -0.184
  -0.370
  -0.046
  -0.418
  -0.560
  -0.846
   0.283
   1.725
  -0.046
   0.508
   2.140
   0.359
  -0.721
   1.437
  -0.491
  -0.944
  -1.274
   0.365
   0.000
  -0.733
  -0.276
  -0.832
   0.000
   0.556
   0.000
   0.920
   0.821
   0.814
  -1.635
   0.365
  -0.824
  -0.739
  -0.558
   0.093
   1.479
   1.004
   0.453
  -0.817
  -0.228
  -0.787
   0.556
  -0.185
  -0.744
   0.372
  -0.746
   2.679
  -0.732
  -0.275
  -0.369
  -0.139
   2.061
   0.181
  -0.271
   0.000
   0.181
   0.361
  -0.181
   0.631
  -0.090
   0.895
  -0.134
  -0.178
   1.728
  -0.440
   0.265
   0.439
  -0.439
  -0.176
   0.000
  -0.088
   0.791
  -1.057
  -0.845
  -0.941
   0.629
   0.491
  -1.435
  -0.045
   0.541
  -0.812
  -0.454
   0.363
   0.453
  -0.045
   0.765
  -1.810
  -0.641
   0.184
  -0.183
  -0.323
  -0.416
  -2.247
  -2.299
   0.097
   0.483
   0.672
  -0.576
  -0.386
   0.482
   0.480
   0.620
   0.048
  -1.644
  -0.391
   0.000
  -0.984
  -0.148
   0.346
   0.000
   0.835
  -0.539
  -0.691
  -0.946
  -1.817
   0.862
  -0.152
   0.756
  -1.517
   0.102
   1.013
  -0.607
   1.709
  -0.100
   0.944
   0.000
  -0.645
   0.149
   0.742
   1.953
   0.097
  -0.582
   0.097
   0.966
  -0.096
   0.241
   0.622
   1.515
   0.422
  -1.129
   0.425
  -0.472
  -0.904
  -0.048
  -0.623
   0.623
  -0.912
   0.289
  -0.144
   0.624
   3.389
   1.425
   0.318
  -0.684
   0.000
   0.092
   0.229
  -0.825
  -1.531
  -0.187
   0.420
   0.604
  -0.185
   0.186
   0.647
  -0.933
  -0.942
   0.614
   0.983
  -0.795
  -0.047
   1.261
  -0.605
   0.372
  -0.093
   0.233
   0.787
  -0.416
  -0.790
  -0.280
   0.140
   0.699
  -1.073
   0.654
  -0.467
   0.514
  -0.047
  -0.186
  -0.937
  -0.994
   0.000
   0.000
   0.143
  -0.143
  -1.341
  -1.359
   1.263
  -1.068
   0.536
  -0.243
   0.968
  -0.483
   0.483
   0.336
   0.240
   0.573
  -1.342
  -0.629
   0.194
  -0.242
   0.292
  -0.583
  -0.488
   0.877
   0.146
   0.338
  -0.532
  -0.535
   0.682
   0.387
   0.000
  -0.582
   1.255
  -0.096
  -0.529
  -0.630
  -0.585
  -1.427
   0.150
   1.193
  -0.396
  -0.398
   0.695
   2.539
   0.337
  -0.724
   1.059
  -1.204
   0.048
   0.868
   0.096
   2.183
   0.841
   0.093
  -0.653
  -1.557
   0.427
  -0.380
   0.568
  -0.521
  -1.003
   0.192
   0.526
   0.807
  -0.474
   0.379
   0.754
  -0.565
  -0.379
  -0.237
   0.427
   0.660
   0.562
   1.023
   0.000
   0.278
   0.644
   0.275
  -1.752
   0.741
  -1.441
   0.047
   0.700
  -0.699
  -0.329
   0.188
  -0.234
   0.562
   0.559
   0.093
  -0.652
  -0.468
  -0.330
   0.236
  -0.047
  -0.613
   0.284
   0.706
  -0.516
   0.000
  -0.851
  -0.665
  -0.048
   0.866
  -0.240
  -0.144
  -0.676
   0.145
  -0.436
   0.000
  -0.487
  -0.293
   0.000
  -0.196
   0.490
   0.244
  -1.126
  -0.990
   0.100
  -0.999
  -1.517
  -1.800
   1.596
   0.560
  -0.765
  -0.616
  -1.557
   1.351
  -0.881
   1.293
   0.257
  -1.289
  -0.625
   0.104
   0.104
  -0.628
   0.575
  -0.470
  -0.262
  -1.003
   0.317
   0.738
   1.408
  -0.311
   0.104
   0.052
  -0.468
  -1.523
   1.367
   1.656
   3.083
   0.050
   0.695
   0.198
   0.197
   1.563
   1.443
   0.239
  -0.334
   1.706
   0.375
  -0.376
  -1.039
   0.097
   0.716
  -1.101
   0.241
  -0.192
   2.095
  -0.995
   1.277
   0.469
  -0.469
  -0.566
  -0.902
   1.749
  -1.368
  -0.238
  -0.477
  -0.191
   0.144
  -1.107
  -0.437
   1.400
   1.946
   0.047
  -0.282
   1.032
   0.372
  -0.419
   2.352
  -1.146
  -0.416
  -1.399
   1.121
  -1.261
   0.796
  -0.608
  -1.466
  -1.632
   1.011
   0.334
  -0.815
  -0.919
  -0.194
   0.486
   0.145
   0.819
  -0.192
  -0.482
  -0.145
   0.386
   3.085
  -0.563
  -0.566
   1.966
  -0.604
   0.790
   0.278
   0.735
   0.183
   1.000
   0.856
   0.848
  -0.669
   4.851
  -1.762
   1.221
  -0.871
   1.302
  -0.346
  -0.434
   0.521
  -0.130
   0.991
   1.785
  -0.506
  -0.509
  -0.128
   1.059
   0.421
  -0.252
   0.084
  -0.760
  -0.851
   0.171
  -0.385
   0.555
   2.523
  -0.333
  -0.250
   1.739
  -1.656
   0.458
  -1.972
  -0.509
  -1.286
  -0.259
  -0.869
  -0.700
  -0.176
  -1.418
   0.179
   0.178
  -2.158
   0.724
   0.000
   1.256
  -1.391
   1.924
  -1.070
  -0.090
   1.513
  -0.620
   3.236
  -1.212
  -0.349
  -2.478
   0.000
   0.269
  -1.349
   0.407
   0.316
  -1.085
  -0.456
  -0.412
  -1.153
   1.291
  -3.257
   5.434
  -2.475
  -0.326
  -1.642
  -0.713
   1.373
  -0.802
  -0.047
  -1.481
   0.096
  -0.579
   0.962
   0.000
   1.048
   0.095
   1.504
   0.512
   0.694
  -1.252
  -0.891
   1.496
   1.428
   0.137
   1.496
   0.045
  -0.722
  -0.636
   1.358
  -0.722
  -0.636
   0.000
   0.409
  -1.924
   4.612
   0.529
  -0.220
   3.888
   4.798
  -2.288
   0.495
  -1.826
   1.661
   0.983
  -0.490
   0.327
  -0.409
   0.409
  -0.204
   1.986
   0.400
   0.875
  -1.880
   0.202
   0.242
  -1.458
   1.618
  -0.080
  -0.888
   1.129
   0.320
  -0.561
   0.241
  -1.047
   0.726
  -0.888
  -0.814
  -0.739
  -0.515
   0.376
   0.706
   1.603
   0.488
  -0.856
   0.896
  -0.570
   0.488
  -0.651
  -0.779
  -0.454
   0.577
  -1.617
   0.293
   0.332
  -0.083
   1.771
  -0.738
   0.288
   1.385
  -0.406
   0.728
  -0.485
  -0.325
  -0.203
   0.609
   0.605
  -0.040
   1.756
   0.000
  -0.317
  -0.877
   2.686
  -0.939
   0.000
  -0.711
  -0.437
   1.697
  -0.628
   1.019
  -0.703
   0.157
   0.313
  -2.532
  -0.080
  -0.040
   0.281
  -0.160
  -1.007
  -0.690
   1.053
   0.081
   0.562
  -1.007
   0.525
   1.201
   0.437
   0.749
   0.548
  -1.595
  -0.726
   0.966
  -0.724
  -0.810
   0.365
  -0.122
  -0.979
   0.572
   0.892
  -0.648
   0.244
   0.243
  -0.976
   0.245
   0.000
   0.081
  -1.105
   0.124
   0.328
  -0.329
   2.277
  -0.323
   0.483
  -0.644
   0.162
   0.643
  -3.423
  -1.000
  -0.504
  -2.041
  -0.172
   0.515
   0.683
   0.846
  -0.338
  -1.535
   1.026
   0.509
  -0.679
  -1.372
   0.000
  -0.346
   2.059
  -0.170
  -1.716
  -0.869
  -2.116
  -0.178
   0.711
  -1.789
   0.360
   0.000
   0.359
  -0.900
  -0.363
   0.903
  -1.449
   0.000
   0.908
   0.900
   0.357
  -0.537
  -1.083
   0.543
   2.143
  -0.731
  -0.724
   2.155
  -0.178
   0.000
   2.807
  -0.869
  -0.525
   0.525
  -1.053
  -0.530
  -1.249
   0.000
   0.538
   0.000
  -0.537
  -0.180
   0.716
  -1.984
  -0.547
  -0.920
   0.185
  -0.370
  -1.492
  -0.377
   0.752
   1.671
   0.917
  -0.916
  -0.184
   5.037
  -1.770
  -3.083
   1.099
  -0.732
   0.183
  -0.736
  -0.185
   0.920
   0.000
   0.547
   0.363
  -2.202
  -2.062
   2.617
  -1.862
  -1.134
  -0.572
  -1.931
  -1.374
  -0.595
  -1.603
   1.005
   0.399
  -0.399
  -0.602
   0.201
   0.401
   2.372
  -2.572
   1.788
  -0.395
  -0.198
  -0.596
  -0.624
   0.608
  -0.202
   1.806
  -0.999
   0.401
   0.000
  -0.803
  -0.202
  -0.405
   0.000
   0.607
   4.147
  -0.193
   1.919
   0.000
  -0.763
  -0.384
   0.575
   0.572
   2.255
  -0.933
  -0.376
  -1.136
  -0.573
  -0.384
   1.526
  -0.952
  -2.125
   0.584
   1.158
  -1.742
   1.358
   0.000
  -0.193
  -0.775
   0.195
  -2.956
   1.587
  -0.197
  -0.395
   6.516
  -3.013
   3.198
  -0.744
  -0.187
   4.746
  -0.178
  -1.077
   0.541
  -0.902
   0.000
   3.209
  -0.881
  -0.711
   1.240
  -0.884
   0.000
  -2.518
   1.087
  -0.361
   0.720
  -0.562
  -1.845
   0.186
  -0.746
   3.134
   0.723
  -1.818
  -0.737
  -0.928
   0.372
  -1.498
  -0.378
  -1.335
  -0.192
  -4.725
   2.194
   0.197
  -1.188
   0.794
  -1.996
  -1.421
  -0.204
   1.020
   1.009
  -1.416
  -2.058
  -0.417
  -1.261
   0.842
  -1.266
  -1.068
  -2.609
  -4.736
   1.148
  -3.248
   8.150
  -2.867
  -0.224
  -1.582
   1.133
  -1.132
  -2.771
   0.234
   2.081
  -0.688
  -1.392
  -0.939
  -1.905
  -1.697
   0.244
   0.000
   0.000
   4.995
  -0.698
   0.466
   2.978
  -1.593
   0.686
   0.000
  -0.915
  -0.692
   2.514
  -0.907
   0.455
  -0.710
  -3.302
   0.240
   1.896
  -0.470
  -0.947
   0.947
   0.706
  -1.178
   0.237
   1.641
   1.843
   0.909
   2.016
  -3.612
   1.822
   1.123
   0.668
   3.057
  -1.954
   0.219
  -0.658
   1.313
   0.866
   0.000
   1.498
   2.516
  -2.515
   1.266
  -2.979
   0.000
   1.713
   0.845
   0.630
  -0.841
   0.840
  -1.688
   1.269
   1.873
   0.822
   1.421
  -0.404
  -0.406
   0.203
   1.810
   3.523
  -1.942
   0.781
   2.117
  -0.765
   1.335
  -1.335
  -0.385
  -0.193
  -0.581
   0.966
   0.192
   0.574
  -0.383
  -0.192
  -0.578
  -0.775
   2.117
   1.490
  -0.763
   2.273
   0.000
   0.000
   3.134
  -0.181
  -3.516
  -0.567
   1.317
   0.931
  -0.185
  -0.372
  -0.561
  -1.320
  -1.337
   0.766
   0.949
   2.058
  -1.304
  -0.188
  -3.442
   2.876
  -0.569
   0.947
  -0.756
   0.379
  -0.759
   2.446
  -1.121
   0.749
   1.665
  -1.852
   0.931
  -2.058
  -2.294
  -1.363
   0.586
   2.312
  -0.382
   1.329
   2.608
  -0.369
   3.267
   0.179
  -1.256
   1.789
  -1.070
   0.892
  -2.518
  -0.915
   0.732
  -0.733
  -0.369
  -2.807
   1.133
  -0.753
   0.753
  -1.703
  -0.575
   2.277
   1.304
   2.719
  -2.963
   0.936
   0.186
  -0.186
   5.437
   0.528
   0.525
   0.000
   0.523
  -0.872
   0.872
  -2.283
   0.000
  -1.251
  -1.085
  -0.913
  -2.414
   2.047
   0.184
   0.549
  -1.288
  -1.681
  -0.378
  -3.658
   1.169
   1.919
  -1.919
   2.677
  -1.521
  -2.522
   1.560
   3.795
   0.186
   1.842
   0.727
  -1.460
   0.915
  -1.099
   1.825
   1.614
   1.763
  -2.837
  -2.735
  -0.371
  -0.932
  -0.376
   0.375
  -1.509
   1.697
  -0.375
  -2.469
   0.192
   0.192
  -0.384
   0.000
   0.766
  -1.345
   0.386
  -0.774
  -1.565
   1.372
   0.388
   0.556
   0.390
  -1.174
  -0.790
  -0.597
  -1.407
   0.000
   0.404
   0.000
  -1.217
  -1.232
   2.449
   0.202
   3.364
   0.775
  -0.775
  -0.978
  -1.784
  -1.005
   0.202
  -0.202
   1.802
  -0.797
  -0.401
   2.772
  -1.179
   2.151
  -0.582
   0.775
  -1.556
  -0.985
  -0.397
  -0.999
   2.577
  -1.181
  -2.202
  -0.406
   1.413
   0.997
  -1.399
  -1.623
  -1.235
  -0.623
   0.000
   2.875
  -1.632
  -1.034
  -1.677
   0.842
   0.627
   2.672
  -1.843
  -0.207
   0.000
   0.413
   0.822
  -1.235
  -1.250
  -1.691
   0.849
  -1.276
  -1.077
   0.216
   0.620
   0.867
  -3.294
   1.330
   0.000
  -0.220
  -0.443
   0.663
  -0.220
  -0.443
  -1.339
  -0.225
   1.120
   3.070
   0.216
   1.285
   2.521
  -0.624
  -1.261
  -1.921
   0.645
  -0.214
  -1.513
   0.652
   2.142
   0.634
   0.838
  -1.684
  -0.639
  -1.507
  -0.217
   1.081
   2.128
   0.211
  -0.844
  -0.425
  -1.500
   0.000
  -1.743
   0.000
   0.220
   0.000
  -0.660
   0.000
  -0.443
  -0.891
   1.774
  -0.441
   0.000
  -0.887
  -1.345
   0.226
  -0.678
  -0.455
   0.228
   1.130
  -0.450
   0.000
   1.790
  -0.444
   0.666
   3.050
   0.215
  -1.102
   0.220
   1.523
   1.501
  -1.500
   0.646
  -0.430
  -2.179
  -0.220
   0.660
   0.438
  -0.657
  -1.774
   0.000
  -0.673
  -0.451
   1.125
  -1.351
   1.575
  -0.447
  -2.039
  -1.151
   0.000
   0.231
   1.148
   1.810
   0.224
  -0.673
  -1.132
  -1.376
  -0.231
   1.607
  -0.915
   0.230
   0.229
  -1.848
   2.304
  -3.241
   1.865
  -0.231
   1.835
   0.227
  -1.600
   1.373
   0.905
   0.674
  -0.673
  -3.204
  -2.353
  -0.477
  -1.933
   0.000
   0.729
  -0.485
  -0.488
  -0.244
  -0.738
   0.247
  -2.494
  -1.015
   4.976
   2.871
   0.000
   0.442
  -1.685
  -1.221
   1.463
   1.204
   0.477
   0.475
  -2.156
  -1.218
   0.000
  -1.233
   0.000
   0.495
  -0.247
   3.406
   0.715
   3.501
   0.000
  -0.690
  -2.101
   1.869
   1.150
  -2.080
  -0.468
   1.167
   1.382
  -0.459
  -1.856
   0.467
   0.928
   2.958
   1.778
  -0.663
   0.883
  -1.328
   1.547
  -0.881
  -0.889
   2.207
  -0.657
   2.389
  -2.169
  -0.440
   0.000
   0.000
   0.000
   1.313
  -0.217
   2.580
   1.475
   3.494
  -1.424
   0.817
   1.613
  -1.410
   0.607
  -0.404
   1.407
   2.756
  -1.172
  -1.584
   0.597
  -0.398
   2.144
   0.000
  -2.806
  -0.203
   0.812
  -1.015
  -0.409
   2.028
   0.000
   0.800
  -0.600
  -3.259
   0.825
   1.831
  -0.607
   0.405
   0.403
  -1.828
  -1.861
  -1.261
  -1.063
  -1.724
   1.938
   0.638
  -1.279
  -0.646
   1.713
  -2.581
   0.000
   0.867
  -0.433
   2.570
   0.632
  -0.632
   1.051
  -1.263
   1.472
   0.832
  -1.040
   2.070
   0.817
   0.000
   0.406
   0.000
   0.807
  -0.201
  -0.201
   2.587
   1.560
  -0.193
  -1.170
  -0.787
   0.983
   0.780
   2.114
   0.379
  -1.335
  -0.385
  -1.163
   0.195
   0.388
   0.387
   0.577
   0.933
  -0.193
  -1.360
   0.780
  -0.780
  -0.392
   0.000
  -1.186
  -0.199
  -0.399
   0.797
  -0.597
  -0.601
  -0.604
   0.202
   0.000
  -0.809
   0.406
   0.404
  -0.809
  -2.054
  -0.416
  -2.960
  -0.215
   1.069
   1.478
  -0.843
   1.051
  -0.419
  -1.695
  -0.214
   0.427
   2.110
   2.067
  -1.027
  -0.414
   1.442
   0.000
  -0.821
   0.000
  -1.036
   0.623
   1.030
   0.817
   1.613
   1.587
   1.563
   3.616
  -0.187
   0.000
  -1.320
   2.251
   0.186
  -1.304
  -0.188
  -0.944
  -0.571
  -0.959
   0.958
   0.191
   1.699
  -1.130
  -0.570
  -1.365
  -1.181
   0.198
  -0.396
  -0.997
  -0.200
   0.999
   0.000
   4.850
  -0.380
   0.379
   3.352
   1.635
  -1.451
   1.091
   0.000
  -0.181
   1.260
   0.890
  -1.070
   2.303
   1.046
   0.519
   0.000
  -0.866
  -0.698
   2.080
  -0.516
   1.200
   1.017
   0.000
   0.839
   2.641
  -1.642
   1.152
  -0.492
   0.819
  -0.490
  -1.987
  -1.856
   1.017
   0.505
   0.835
   5.029
   1.726
   0.929
   2.886
  -0.902
   0.902
  -4.126
  -0.783
   4.309
  -1.060
   2.851
  -0.892
  -1.201
  -3.379
   2.469
  -0.458
  -2.481
   0.314
   2.014
   0.459
   4.039
  -0.458
   0.298
  -1.044
   2.809
  -1.616
   1.178
  -2.371
  -1.358
  -0.152
   2.257
  -0.298
  -0.299
  -3.659
   0.928
   1.829
   0.752
  -1.055
   4.734
   0.000
   2.003
   0.000
   4.973
   2.529
  -0.659
  -0.930
  -0.939
   1.206
  -3.111
  -1.802
   1.526
   2.852
  -0.941
   3.454
  -2.378
   0.134
   2.895
  -1.305
   1.565
  -0.518
   0.130
  -3.435
   2.784
   0.391
   1.679
  -1.029
   1.413
   0.000
   0.128
   0.509
   0.506
   0.126
   0.377
  -1.135
  -0.637
  -3.377
  -0.796
   2.239
  -0.915
   2.594
  -0.256
   1.528
  -1.914
  -1.036
   0.374
   1.944
  -0.257
  -2.080
  -0.659
   1.965
   0.000
   2.688
  -0.126
  -0.507
   0.000
   0.254
  -1.533
   1.659
   2.129
  -0.497
  -1.379
   2.740
   0.368
  -0.245
   0.367
   0.730
  -2.085
   1.354
  -1.975
   0.498
  -0.248
   0.372
  -2.003
   0.000
   1.006
   0.872
  -0.622
   1.978
   0.122
  -0.122
   0.245
   0.487
   1.328
  -2.427
   0.612
  -0.367
   0.611
   0.607
   0.603
   2.613
   0.351
   1.623
   0.688
   0.569
   2.245
  -1.004
   3.199
  -0.109
   1.938
  -2.373
   2.267
  -0.966
   1.072
  -0.213
  -1.724
   0.434
   0.862
   0.172
   1.607
  -0.106
  -0.533
  -1.183
   0.000
   0.862
  -1.079
  -1.091
  -1.994
  -0.448
  -0.450
   1.568
   1.871
   0.868
  -1.087
  -1.209
  -1.561
   0.560
   1.443
   0.440
   1.523
  -2.294
   0.221
   0.330
   0.439
   2.592
   0.638
   2.510
   0.618
  -0.514
   0.719
   0.918
   0.305
  -0.202
  -0.203
  -1.743
  -2.407
   1.681
   0.208
   0.622
  -1.457
   1.972
  -1.554
   1.450
   1.430
  -1.946
   0.310
   0.617
  -1.549
  -0.208
   0.831
   3.655
   0.100
  -0.900
   1.199
  -0.099
  -1.907
  -1.120
  -1.341
   0.312
  -0.207
   0.620
  -0.662
   0.209
  -0.628
  -0.738
   0.000
  -0.318
   0.635
   1.674
   0.930
   1.125
  -1.124
   0.716
  -1.025
  -1.558
  -2.437
  -0.215
   1.388
   0.949
  -1.375
   1.794
  -0.735
   0.944
   1.759
   0.409
  -0.102
   0.000
  -0.615
   0.411
   0.714
  -0.920
   1.123
   0.507
   0.101
  -0.709
   1.312
   1.592
   1.567
  -0.585
   0.682
  -0.682
  -0.785
   0.980
   1.357
   0.957
   0.760
   0.095
   1.501
  -0.935
  -0.282
   0.751
  -1.413
   0.000
  -2.303
   1.350
  -0.577
  -2.142
   0.979
   0.195
  -0.390
   1.068
  -1.069
  -0.982
   0.000
   0.550
  -2.097
  -1.321
  -0.102
   0.102
   1.119
   1.305
   1.289
   0.492
  -2.381
   0.201
  -1.108
   0.101
   1.407
  -1.812
  -1.743
   0.103
  -1.457
   1.972
  -3.557
   1.270
  -0.845
   0.634
  -0.847
   1.373
  -0.210
   2.694
   1.421
  -1.524
  -1.029
  -1.145
   1.144
   0.310
   0.411
   1.528
  -0.609
   0.608
   0.806
  -0.301
  -0.909
  -0.918
  -0.205
   1.730
   0.303
  -0.606
  -0.101
  -0.916
   0.000
  -0.821
  -1.873
   1.253
   0.414
  -0.414
  -1.358
  -1.590
  -0.751
   0.537
  -1.185
  -0.652
   0.218
  -0.875
   0.220
  -0.330
   0.547
  -2.367
  -1.823
   1.596
  -2.520
   1.153
   0.800
  -0.799
   1.705
  -1.133
   0.000
   0.114
  -0.343
  -0.229
   0.115
   1.814
   1.450
  -2.580
   0.227
   1.128
   0.447
  -0.897
  -1.590
  -1.498
   0.810
  -0.462
   2.062
   0.339
   0.338
   0.897
   1.551
   0.220
   0.656
  -0.656
  -1.102
  -0.444
   0.000
   1.438
   1.308
  -1.418
   0.220
  -1.770
  -0.784
  -0.112
  -2.048
   0.916
  -0.114
   0.341
  -1.028
   3.276
  -1.117
   1.339
  -0.444
  -1.007
  -0.338
  -0.793
   0.793
   1.011
   1.222
   0.110
   0.330
   2.389
  -0.215
  -0.539
  -1.679
   0.442
   0.879
  -1.211
  -0.444
  -1.006
   0.895
   0.666
  -0.889
  -1.462
  -0.910
  -0.688
  -0.577
  -0.348
  -0.816
   0.467
  -0.585
   0.584
   0.465
   0.116
   0.347
  -2.692
   0.355
  -0.118
   0.118
  -1.428
   0.240
  -0.120
  -3.535
  -1.249
   2.236
   0.978
   5.099
  -2.103
  -0.592
   0.238
  -1.312
  -0.965
   2.040
   0.474
   0.118
   1.174
  -0.702
  -0.590
   1.408
  -0.117
  -1.765
  -0.834
   0.835
   1.882
   0.813
  -0.580
  -0.466
  -0.468
  -0.353
  -0.710
   1.647
   1.045
   0.691
  -0.575
   2.167
   1.901
   1.756
   4.573
   1.239
  -0.308
  -1.368
   3.418
  -1.436
   1.028
  -0.821
   0.617
   0.918
  -0.102
   0.203
   2.108
  -1.299
   0.602
   0.499
  -0.699
   0.500
  -0.901
  -0.504
   0.101
  -1.015
  -0.102
   0.814
  -1.428
   0.921
  -0.613
   0.714
   2.611
   0.495
   0.688
  -0.787
  -0.594
   0.099
  -1.399
  -0.403
   0.202
   0.503
   0.998
  -1.299
  -1.317
  -0.717
  -0.412
   0.514
  -0.514
  -0.103
  -0.206
   0.824
  -1.342
   1.342
   0.512
  -1.025
   0.514
   3.329
  -0.797
   0.797
   0.495
   0.099
  -1.290
  -0.802
   0.402
   1.691
  -0.812
   0.899
   0.099
   0.693
   0.590
  -1.383
  -0.698
  -1.310
   0.607
  -1.013
   0.305
  -0.305
  -1.023
  -1.243
   1.037
  -0.206
   1.334
   0.204
   1.514
  -1.312
  -0.918
  -0.205
  -1.447
   0.208
  -1.995
   0.529
  -1.167
   0.638
   1.054
  -0.315
  -0.846
   0.845
   0.211
   3.407
  -0.102
  -0.509
   1.118
   0.403
  -0.403
  -0.506
   0.305
  -0.304
  -1.741
  -0.829
  -0.208
   0.521
  -0.520
   0.521
   2.765
  -0.811
   1.616
  -0.100
  -0.604
  -0.202
   0.403
   3.269
   1.066
   2.194
   0.471
   0.094
   1.027
   1.749
  -0.274
  -0.183
  -0.552
   1.464
  -0.820
  -0.018
   1.285
   0.091
  -2.770
  -1.320
   1.507
  -1.317
  -0.474
   0.380
   1.412
   0.000
  -0.656
   0.750
   0.466
  -1.027
   0.655
   1.389
  -0.646
   0.000
  -1.587
  -2.092
  -0.385
   1.436
   0.285
  -1.432
  -0.869
  -0.194
  -0.194
   1.641
  -0.866
  -0.484
  -0.780
  -2.577
   0.701
   0.795
   0.198
   0.296
   0.882
  -0.293
  -0.983
   0.394
  -2.492
   0.603
   0.998
   0.890
   0.784
   0.972
   0.386
  -0.096
  -1.653
   0.098
   0.098
   0.973
  -0.291
   0.194
  -1.367
  -0.690
   0.198
  -0.694
  -0.199
   0.576
  -0.200
   0.799
   1.087
   0.588
   1.745
   0.096
  -1.742
   0.390
   0.388
   1.348
   1.706
   0.000
  -0.471
  -0.758
  -0.382
  -0.383
  -0.480
  -1.358
   0.487
   0.388
   0.483
  -0.968
   0.968
  -1.847
   0.196
  -1.281
  -4.256
  -1.776
   2.085
  -0.829
  -0.208
  -0.418
  -0.525
   0.525
   1.249
   0.927
   0.918
   0.708
  -0.202
   0.905
  -0.401
  -0.504
   0.604
  -0.806
  -1.839
   1.433
   0.608
   0.403
   1.001
   2.362
   0.679
  -0.484
   0.387
   0.483
  -0.386
  -0.193
   0.867
   1.335
  -1.815
   0.673
   0.668
   0.852
  -0.662
  -0.285
  -1.439
  -0.097
   0.174
  -0.782
  -0.196
  -0.394
   0.099
  -0.296
  -0.496
   0.099
   1.283
   0.684
  -1.372
   0.197
   1.078
   0.000
  -0.195
  -0.392
  -0.688
   0.394
   0.098
   0.880
   0.582
   0.194
  -1.166
  -0.490
  -0.098
   0.295
   0.684
  -1.274
   0.590
   0.391
  -0.982
   1.079
  -1.079
  -2.194
  -0.202
   0.101
   2.196
  -1.793
   0.000
  -0.706
   0.605
   0.101
  -0.101
   0.101
   1.000
   1.873
   0.000
   1.068
  -0.678
  -0.683
  -0.098
   1.267
   1.059
  -1.447
  -0.487
   1.068
   0.866
   0.478
  -0.958
   0.767
   1.046
   0.847
   0.449
  -0.566
   0.284
   1.776
   0.370
  -0.277
   1.197
   0.091
   1.272
  -0.181
   0.541
   0.895
  -0.536
  -0.359
   0.000
   0.895
  -0.358
  -1.351
   0.543
   2.317
  -0.796
   0.707
   2.008
   1.374
   1.607
  -0.252
   1.087
   1.322
   0.164
   0.246
   0.570
   0.324
  -0.162
  -0.815
   0.326
   1.457
   1.753
  -1.753
  -2.277
   1.551
   0.000
   0.807
  -4.434
   1.003
  -1.255
   0.336
   0.168
   2.236
   2.187
  -3.340
  -0.999
   0.084
  -3.575
   2.567
   1.342
  -0.250
   1.410
  -0.495
  -0.998
   1.329
   2.042
  -0.405
   0.566
   0.081
   1.187
   0.958
  -0.319
  -1.122
   0.402
   0.401
   1.666
  -0.869
   1.027
   0.392
  -0.550
  -0.869
   0.475
  -1.512
  -3.261
   0.249
  -0.997
  -0.922
  -1.101
  -0.512
   1.698
   2.330
  -1.994
   1.002
  -0.083
   0.332
   0.989
  -0.493
  -0.994
  -0.752
  -0.084
  -0.590
  -0.253
   1.011
   1.580
  -1.580
   1.249
  -0.915
  -0.923
   0.839
   1.658
  -1.826
   0.668
  -0.334
   1.738
   0.164
   1.382
  -0.081
  -1.301
   1.463
  -1.218
   1.460
   1.518
   1.183
   1.169
  -1.247
  -1.980
   0.399
  -1.769
   0.968
  -0.888
  -1.964
  -0.763
   0.502
   0.167
  -0.753
  -0.505
  -1.874
  -0.345
  -0.519
   1.463
  -1.204
  -0.782
   0.348
   2.149
   2.933
   0.986
  -0.328
  -0.082
   0.327
  -1.816
   0.499
  -0.582
  -2.107
   1.101
   0.504
  -0.757
   1.092
  -0.755
  -1.100
  -0.341
  -0.943
   1.285
  -1.198
   0.943
   0.681
  -0.509
   0.170
  -0.341
   1.441
   0.587
  -0.335
  -2.549
  -0.431
  -0.259
   1.035
  -1.817
  -2.744
  -2.545
  -1.953
  -0.849
  -0.189
   0.095
   1.318
  -0.375
   0.000
   0.748
  -1.314
  -0.854
   0.759
   0.189
  -0.853
   0.190
  -0.572
   0.191
   0.741
  -0.766
   0.766
   1.138
   1.126
   0.187
  -0.842
   1.676
   1.011
   1.811
  -0.902
   0.000
   0.722
   1.517
   0.000
  -0.800
  -0.897
  -2.002
   0.092
   2.360
   0.714
   2.376
   0.087
   0.174
  -3.441
  -1.355
  -0.273
   0.908
  -0.453
   0.544
  -1.090
   1.271
   0.450
  -1.265
  -1.281
  -0.184
  -0.927
   0.186
  -1.121
   0.000
  -1.611
   1.986
  -4.109
  -0.489
  -4.410
   1.323
  -1.323
  -0.926
   1.743
  -1.536
   0.617
  -1.342
   0.932
  -0.827
   0.931
  -0.103
   0.616
  -1.132
   0.104
   0.927
   1.323
   2.200
  -0.397
  -1.320
  -1.431
   0.103
   1.328
   0.507
  -0.811
  -2.370
   1.243
   0.514
  -1.238
   2.054
   0.406
  -0.202
   1.110
   1.986
  -0.889
   0.889
   0.197
   1.944
  -0.967
  -0.682
  -0.885
   0.884
  -0.687
   0.883
   0.000
  -1.179
   0.885
   0.391
  -1.079
  -1.091
  -0.199
  -1.611
  -2.155
   1.237
   0.000
  -1.133
   0.207
  -0.727
   1.653
   1.323
  -0.507
   0.406
  -0.507
  -0.510
  -1.546
  -3.272
   1.808
   1.152
   0.000
   4.282
  -2.016
   0.000
   3.699
  -0.887
   0.789
   1.656
   0.482
  -1.064
   0.097
   2.682
   0.565
   1.585
   2.087
  -0.825
  -1.484
  -0.280
   0.468
  -1.031
   1.404
   2.840
  -0.271
   0.812
   0.358
   2.651
  -0.262
  -0.878
  -1.689
   0.090
  -0.720
  -0.271
   1.259
   0.356
  -0.715
  -0.360
   2.839
  -0.790
   1.749
   0.432
  -0.173
   1.714
  -0.597
   0.512
   1.099
   0.754
   2.066
   1.783
  -1.049
  -2.133
   1.072
  -1.488
   0.664
  -2.090
   1.009
  -0.084
  -1.944
   0.765
  -2.487
   0.692
   1.794
   0.338
   1.840
  -0.582
   0.000
   4.561
  -1.768
   0.000
  -1.634
   1.634
   0.646
   2.151
   0.942
   0.312
   1.468
   2.349
  -0.075
  -0.466
  -0.684
  -0.459
   1.446
   0.528
  -0.679
  -2.763
   0.233
  -2.675
  -0.080
   0.398
  -0.398
   2.522
   0.233
   1.004
  -1.627
  -0.234
  -1.499
   1.890
   0.700
  -0.856
   0.778
  -0.857
  -1.338
  -0.079
  -0.636
   1.897
   1.477
  -0.387
  -0.310
   0.311
   1.155
   0.990
   0.755
   1.047
  -0.822
  -0.678
  -1.753
   0.919
   0.152
   0.532
  -0.760
   1.739
  -0.300
   0.450
   1.707
  -1.408
   0.299
   0.074
  -0.671
  -1.432
  -1.146
  -0.849
  -0.778
   0.701
   0.542
  -0.541
   0.155
   0.541
  -0.851
  -1.093
   0.078
   0.547
   2.374
   0.840
   1.435
   1.340
   0.811
   1.746
  -0.072
   0.719
  -0.935
  -0.145
   1.223
   0.000
  -0.072
  -1.514
  -2.427
  -0.973
   0.150
   1.120
  -3.322
  -0.230
  -0.539
  -0.542
  -1.884
  -0.318
   0.317
   2.116
   0.849
  -3.125
  -0.558
   0.795
  -1.597
  -3.188
   3.429
  -0.968
   1.047
   0.080
  -2.105
  -1.484
   0.166
   2.538
   0.403
   0.802
  -3.577
   1.152
  -0.821
  -2.761
   1.432
  -0.503
  -2.381
  -3.592
  -3.726
 -26.088
  10.054
   6.522
  -2.265
   0.623
  -7.522
   5.218
   0.000
   1.889
   1.854
   1.620
  -2.131
  -1.031
   3.443
  -3.494
  -1.158
  -0.318
   1.266
   2.485
  -0.512
  -1.345
  -1.893
   0.530
  -2.350
   1.821
  -0.212
   0.847
  -0.741
  -2.366
  -3.657
   0.450
  -0.676
  -3.687
   1.167
   1.611
   1.810
   2.217
  -2.667
  -0.791
   4.440
   0.757
   2.448
  -2.880
   1.504
   0.849
   0.000
   1.051
   0.314
  -3.502
   0.216
   0.858
  -1.290
   4.445
   0.928
   0.818
   0.406
  -7.139
   2.472
  -2.146
   0.756
  -0.215
   2.661
  -1.056
  -5.230
  -1.238
   0.564
  -0.451
   2.459
  -1.221
   0.779
   0.883
  -1.216
  -2.136
  -0.114
  -0.799
   0.663
  -0.577
  -0.231
   1.268
   2.265
  -0.337
   0.672
   1.551
  -0.883
  -0.222
   0.775
   1.640
   0.108
   0.648
  -1.409
   1.086
   1.501
  -0.427
   0.214
  -0.642
   0.321
   0.320
   0.319
  -0.854
  -2.496
   1.526
   0.000
  -1.308
   1.090
  -0.326
  -0.545
  -0.439
  -0.551
  -1.335
  -1.467
  -2.765
   1.046
  -2.103
  -0.711
   2.350
  -0.116
   0.000
   1.958
  -0.343
   2.151
   1.556
   0.221
   2.176
  -4.176
   2.439
  -0.110
  -0.771
  -0.221
  -0.444
   1.217
   0.110
   0.328
  -0.219
  -0.771
   0.221
   0.660
   0.437
  -1.207
  -0.798
  -0.676
   0.000
   0.338
  -1.936
   0.000
   1.483
   1.127
  -1.353
  -1.141
   1.482
  -1.023
  -0.573
   0.459
  -0.688
  -0.230
  -0.231
   4.083
   0.554
  -0.443
   0.553
   0.988
  -0.547
   2.496
  -1.078
   0.541
   0.858
   1.485
   0.105
  -1.483
   0.319
  -0.320
   2.633
   2.261
   2.211
  -0.498
  -0.100
   1.587
   0.000
   0.295
  -0.591
   2.052
  -1.855
   0.589
  -0.984
   0.297
  -1.190
   0.000
  -0.400
   1.393
  -1.093
  -0.903
   0.000
  -1.832
  -1.344
   1.856
   0.204
  -1.231
   2.144
   1.603
   0.397
  -0.397
   0.000
  -0.319
  -0.302
  -0.607
  -1.225
  -2.287
   0.105
  -0.844
  -2.466
   0.542
  -0.977
   0.000
  -1.650
  -1.790
   0.113
   1.677
  -1.003
   0.558
   0.997
  -0.442
  -1.225
  -1.127
   3.344
  -0.992
  -1.002
   0.335
   1.987
  -0.658
   1.203
  -0.327
  -0.766
   0.439
  -1.322
   0.000
   0.442
  -1.110
   0.778
  -0.556
   0.887
   0.550
   1.308
   0.000
  -0.434
  -0.327
  -0.547
   0.110
   1.739
   0.108
   2.235
  -1.059
   0.952
   0.944
   1.141
   2.648
  -1.621
   2.022
  -0.401
  -1.010
  -0.203
  -1.022
  -1.137
   0.415
   1.541
   1.115
  -0.911
  -0.510
  -0.739
  -0.940
   0.524
   0.104
  -0.104
  -2.645
   0.428
   0.319
  -1.717
   0.000
   0.216
  -0.108
   1.182
   0.851
  -1.710
   2.448
   0.420
  -0.736
  -0.211
   0.842
   1.354
   1.029
  -0.925
  -1.352
   0.835
   0.104
   0.207
  -0.207
   0.414
   0.207
   1.229
   0.406
  -0.203
  -0.408
   0.711
  -0.203
  -0.509
   0.610
  -1.122
   0.000
   0.512
  -0.204
  -0.615
   0.411
  -0.720
   0.925
   0.713
   0.203
   0.706
  -0.403
   1.005
  -0.602
  -0.504
  -1.016
   1.520
  -0.808
   2.206
   0.692
   1.467
   1.446
  -0.769
  -0.116
  -0.488
  -0.885
   0.787
  -0.491
  -0.493
  -1.094
   0.797
  -0.997
   1.788
  -0.890
  -0.498
   0.200
  -1.707
   0.000
  -1.841
   0.412
  -0.103
  -1.346
   0.520
   0.311
   0.516
  -1.346
  -0.209
  -0.840
  -0.317
   0.528
  -0.845
  -0.745
   0.957
  -4.879
  -2.703
   0.569
  -0.798
   0.342
   0.455
  -0.114
  -0.342
  -0.801
   0.344
  -0.575
  -1.275
   0.581
   0.232
   1.607
   0.228
   1.018
   0.000
  -1.701
   1.476
   0.450
   1.448
  -0.555
   0.000
   0.996
   0.000
   0.877
   0.000
   0.109
  -0.546
  -0.550
  -0.886
  -0.782
   0.300
  -1.136
   0.114
   0.228
  -0.114
  -0.457
   1.478
   1.790
  -1.228
   0.112
   0.447
  -0.784
  -1.131
  -0.342
   0.228
  -0.114
  -0.114
  -1.149
   1.262
   0.341
   0.114
  -1.027
   0.571
  -0.114
  -0.228
  -0.804
   0.460
   1.933
  -0.565
  -0.910
   0.114
   0.796
  -0.796
   0.228
  -0.571
   1.591
   1.010
   2.099
  -0.438
  -2.108
   0.335
   0.334
  -0.223
  -0.336
   0.447
   2.205
  -0.656
   0.765
   0.109
  -0.109
   1.083
  -1.084
  -0.328
  -1.431
   1.213
  -0.550
  -0.663
  -0.222
   0.443
   0.331
   1.423
  -0.327
  -0.546
   0.838
   1.526
   1.610
   0.742
  -0.956
   0.319
  -1.717
   0.540
   0.108
  -0.647
  -0.651
   0.218
  -1.754
   0.551
   0.329
   1.739
   0.108
   1.602
  -1.387
   0.429
   0.214
   0.213
   0.318
  -0.853
  -0.429
  -0.215
   0.216
   0.537
  -1.291
   0.324
  -0.216
   0.540
  -0.108
   0.000
   0.108
   0.322
  -0.215
   1.069
  -5.241
  -2.268
   0.229
  -0.574
  -2.447
   2.101
  -0.695
   0.000
   1.615
  -0.919
  -0.463
  -0.116
  -5.368
   0.975
  -0.731
  -0.490
   2.307
   0.120
  -0.722
  -0.484
  -1.098
  -1.110
  -0.872
  -0.376
   0.751
  -0.249
  -0.919
   0.637
  -1.922
   0.773
  -0.644
   0.644
   0.767
   0.127
  -0.254
  -0.128
  -0.769
   2.038
  -0.379
   0.756
   0.626
   0.250
  -1.001
  -0.504
  -1.145
  -0.128
  -0.513
   2.164
   0.377
  -1.009
  -0.636
  -1.155
  -0.777
   0.906
  -1.167
  -0.785
  -0.131
  -1.458
   1.195
  -0.132
   0.527
   0.263
  -0.921
   0.265
  -0.662
   0.000
   4.035
   0.889
   1.132
  -0.250
   0.625
  -1.001
  -0.378
   0.880
  -2.023
   0.255
   2.018
  -1.256
   0.630
  -0.883
  -2.049
   0.129
   0.772
  -1.681
   1.038
   0.386
   0.000
   1.404
  -0.891
   0.637
   2.470
   1.371
   2.082
  -0.365
  -0.243
  -1.350
   2.079
   0.483
   0.000
  -0.241
  -0.606
   1.925
  -1.561
  -0.607
   1.331
  -0.240
   0.120
   0.120
   0.837
   0.119
   0.711
  -0.236
   1.412
  -0.468
   1.167
  -1.402
   0.000
   0.704
   1.508
   0.344
  -0.921
  -0.696
  -0.701
  -1.418
  -0.836
   0.359
   1.307
   0.118
   0.118
  -0.236
   0.706
  -0.117
  -0.353
  -0.236
  -0.355
   0.354
   0.471
   0.703
   3.441
   0.225
  -1.131
  -0.685
   0.229
   0.000
  -0.458
   0.458
  -0.573
  -1.272
   1.502
  -0.921
   1.037
   0.115
   2.227
   0.000
   0.226
   0.450
   1.006
   1.436
   0.219
   1.197
  -0.216
   0.648
  -0.648
   1.398
   0.639
   0.845
   0.000
  -2.127
   2.967
   0.935
  -0.727
  -0.418
   0.729
   0.312
  -0.104
   0.000
  -1.566
   0.943
   0.313
   0.932
  -0.413
  -0.415
  -1.359
   0.000
  -0.634
   0.948
  -2.443
   0.322
   0.107
   1.065
  -0.319
  -0.106
   0.847
  -0.741
  -0.213
   0.531
   0.843
  -1.056
   1.161
   0.732
   0.830
   1.130
  -1.337
  -0.728
   0.104
  -1.999
  -1.499
  -0.976
   0.000
  -1.426
  -1.559
   0.671
  -0.559
   0.112
  -1.694
  -1.492
  -2.852
  -0.846
   0.121
   0.121
  -1.218
   1.701
   0.600
   0.597
  -1.197
  -2.316
   0.859
  -1.726
  -1.504
  -2.169
   3.549
   3.908
  -0.722
   0.241
  -2.067
   0.123
   0.611
  -0.122
   0.000
   3.007
   0.354
   1.523
   0.348
  -2.701
  -0.597
   0.716
   2.001
   1.044
  -0.462
  -1.048
  -1.653
   1.301
  -0.944
  -0.954
   1.898
   2.438
  -0.690
  -0.811
   0.465
   0.347
   1.148
  -3.840
  -1.795
  -2.445
  -0.746
  -1.003
   0.126
   1.375
   4.489
   2.113
   0.116
  -0.932
   1.741
  -0.461
  -1.397
  -0.588
   0.353
  -0.944
   1.763
   1.044
   0.653
   0.000
  -1.283
   0.935
   2.526
   2.463
  -0.889
   1.330
  -0.774
   0.884
   0.985
  -1.205
   0.660
  -1.323
   1.104
  -0.330
  -0.996
  -0.335
   1.441
  -0.220
   1.206
  -0.109
  -2.764
   0.893
   0.775
  -0.442
   1.320
  -1.320
  -1.450
   0.225
   1.778
  -0.663
   0.883
   0.110
   0.000
  -0.330
   0.110
  -0.220
  -0.332
  -0.777
   0.333
  -0.334
  -1.686
  -1.140
  -1.969
   1.394
  -0.231
  -1.280
   0.701
   1.501
   5.894
   1.607
   1.686
  -1.367
   1.053
   1.457
   1.334
   1.316
   0.201
   1.988
  -0.197
   0.099
   1.339
   0.879
   1.064
  -1.065
   0.775
   2.196
   0.283
   1.402
   0.279
   1.744
   1.535
  -1.172
  -1.738
  -1.675
   0.281
  -2.943
   0.863
  -1.637
   1.733
  -0.286
   2.177
  -0.469
  -0.282
  -0.947
  -1.632
  -1.660
   1.659
  -0.777
  -1.178
   0.982
 -10.504
  -0.873
  -1.992
  -0.223
   1.666
   0.329
  -0.882
   0.882
  -1.437
   0.887
  -0.110
   0.330
  -0.774
   0.332
  -1.561
   0.000
  -0.564
  -1.940
  -1.509
   2.198
   0.570
  -0.114
  -0.228
  -0.917
  -0.115
  -0.115
  -0.231
  -0.581
  -2.356
  -1.804
   0.966
   1.787
  -2.148
   0.922
  -1.462
   1.823
   2.027
  -2.389
   2.389
   0.118
  -3.114
   1.329
  -0.361
  -0.483
  -1.710
   3.033
   0.000
   0.357
   0.119
  -0.956
   0.240
   1.663
   0.236
  -1.301
  -1.681
  -0.242
  -0.976
   0.367
  -0.122
  -0.736
  -0.866
  -0.248
  -0.876
   1.373
   0.124
  -1.873
   0.503
  -1.263
   1.012
  -0.758
  -1.019
  -0.513
   1.279
   0.759
  -1.014
   0.509
   1.883
  -1.000
  -0.757
  -0.507
   1.138
  -0.126
  -2.681
  -0.389
   2.057
   2.264
   1.482
  -1.357
   0.124
  -0.248
   0.000
   0.867
   0.247
  -0.370
   0.000
  -0.993
   0.745
   0.577
  -1.379
   0.253
  -0.379
  -0.253
   0.379
  -0.506
  -0.127
  -1.924
  -1.566
   0.786
  -0.131
  -1.316
   0.529
   0.264
   0.131
  -0.790
   1.052
   1.430
   1.154
   0.636
  -0.381
   1.138
   1.622
  -1.370
   1.742
   2.556
  -1.088
   0.726
   1.199
   0.476
  -0.475
  -0.598
   0.359
   1.188
  -0.829
  -0.119
  -2.535
   1.336
  -0.970
  -1.473
  -2.123
  -0.761
   0.634
  -0.889
  -0.768
   2.539
   0.125
   1.368
   2.920
  -2.550
  -1.737
   0.500
  -0.125
  -1.761
   0.000
  -0.254
  -0.254
   0.255
   0.634
   1.381
  -2.015
   0.127
  -0.168
  -0.388
   0.000
   3.309
   0.374
  -0.125
  -0.752
  -0.504
   1.132
  -3.822
   1.034
  -0.774
  -1.041
  -0.131
  -0.657
   0.395
   2.850
  -3.774
  -1.874
  -0.270
  -1.090
  -1.379
   0.278
  -1.395
  -4.452
   1.313
   1.724
   0.992
  -0.707
  -1.286
  -1.596
   0.873
  -1.607
   1.026
   2.873
   0.000
   0.000
   1.267
   1.113
  -1.533
   1.394
   0.139
   2.054
   2.542
  -2.407
  -1.225
  -0.412
  -0.690
   2.328
   3.196
   0.131
   0.912
  -1.174
  -2.525
   2.918
  -2.247
  -0.402
   0.669
  -0.534
  -1.486
  -0.136
  -1.925
   1.516
   0.953
  -1.090
  -0.181
  -0.697
   0.558
   0.555
   2.057
  -1.504
  -1.108
  -0.139
   0.000
   0.139
   0.139
  -0.558
  -1.267
   0.000
  -0.569
  -1.002
   0.716
   0.853
  -0.997
  -0.862
  -0.289
   1.151
   0.570
  -0.142
   1.555
   0.559
  -0.981
  -1.276
  -0.143
  -1.874
   0.291
  -0.583
  -0.439
  -0.147
  -1.182
  -1.045
   0.150
   0.150
  -0.752
  -0.757
  -0.610
   1.668
  -0.906
   2.990
   0.295
   1.023
   1.729
   0.853
   0.283
   0.141
   0.982
   0.557
   0.139
  -0.976
  -1.269
   0.000
   0.425
  -0.425
   2.935
  -0.138
   2.048
   1.475
  -0.534
   1.683
  -0.669
   0.802
  -0.400
  -1.210
  -0.679
  -0.136
  -0.960
   1.910
  -0.951
  -0.136
   0.273
  -1.371
   0.413
   0.275
  -0.413
  -0.138
   0.000
  -0.971
  -0.840
   1.533
   0.690
  -0.413
  -0.554
   2.059
   1.081
   1.203
  -1.068
  -0.538
   2.004
   0.528
   0.263
   0.654
   1.809
  -0.513
   0.129
   1.404
  -0.763
   0.382
  -1.409
   1.282
  -1.411
   1.156
  -0.384
   0.128
   0.256
   0.000
   1.395
   1.003
  -5.379
  -2.262
   0.938
  -1.342
   0.270
   0.000
  -0.405
   1.477
   0.665
   1.054
  -0.657
   0.132
  -0.661
  -2.825
  -2.391
  -1.283
   1.566
  -0.567
   0.425
  -0.283
   0.284
   0.283
  -0.707
  -1.575
  -0.870
   0.146
  -1.022
   2.322
  -0.865
   1.151
  -0.143
  -0.719
   1.147
  -0.143
  -1.005
  -0.725
   0.145
   0.867
   0.716
   0.569
   0.425
  -3.307
  -2.817
   0.749
  -0.299
   1.043
  -1.342
   0.449
  -1.354
  -0.303
   0.606
  -2.138
  -0.309
  -0.777
  -2.049
   0.477
   1.103
  -1.739
   1.268
  -1.108
   0.000
   0.317
  -0.957
  -6.797
  -2.959
  -3.232
  -0.182
   0.183
   0.000
   0.908
  -2.379
  -2.627
   2.069
  -1.690
   1.317
   2.947
   0.362
  -1.274
  -1.722
   0.567
   1.869
  -2.436
  -1.337
  -1.355
   1.163
   0.000
  -0.968
  -1.767
  -3.015
   1.620
   1.593
   2.537
   0.768
   0.951
   3.352
  -0.736
   0.185
  -0.925
  -0.373
  -1.693
  -0.762
  -4.298
  -1.407
   1.007
   0.799
 -11.357
  -7.874
   2.146
  -3.114
  -4.988
   5.716
  -0.971
   2.885
  -1.914
  -3.942
   0.751
   0.498
  -0.497
  -2.526
  -1.806
  -2.105
  -1.070
   2.653
   2.072
  -2.072
   2.072
  -1.031
   2.558
  -2.299
  -3.150
  -1.073
   4.738
   0.513
   0.256
   1.268
   1.251
   2.458
   2.160
  -0.955
  -1.937
   1.533
   1.210
   1.669
   0.942
  -2.131
  -2.177
  -0.736
  -1.489
   0.995
   0.000
   0.000
   1.474
  -0.244
   1.456
   3.550
   1.156
   0.688
  -0.917
   1.826
  -0.681
   0.681
   1.572
   0.887
  -1.334
  -1.806
   1.358
  -1.130
   0.227
  -1.140
   0.229
  -1.615
  -0.233
   1.159
  -5.933
  -1.230
   1.718
   0.727
  -3.441
   1.735
   1.947
   1.436
   0.000
  -1.195
   0.480
  -3.903
   1.482
  -3.238
  -0.762
  -0.511
   0.512
   0.509
   2.754
  -3.008
  -1.280
  -1.558
   1.301
   0.000
   3.054
  -2.025
  -0.513
   1.277
   0.000
   0.254
  -1.192
   0.774
   0.513
   0.000
  -1.806
  -1.047
   0.786
  -0.523
   2.846
   1.268
  -0.759
  -1.793
   2.802
   1.248
   4.607
   0.944
  -0.943
  -1.432
   3.543
   0.000
   0.232
  -3.295
   0.000
   1.189
  -0.712
   0.000
  -0.957
  -4.173
   0.998
  -1.500
  -0.505
  -0.253
   0.000
  -1.277
   0.257
   2.030
   1.248
  -2.005
   0.000
  -0.253
  -2.051
  -2.891
  -0.534
   0.000
   0.000
   3.166
  -1.044
  -0.526
   0.264
  -4.027
  -4.483
  -1.734
   1.734
  -0.575
  -2.628
   0.296
   7.390
  -3.627
  -0.284
   1.415
  -1.414
  -1.147
   2.279
  -0.849
  -0.861
  -0.578
   0.290
  -2.339
  -1.190
  -0.299
  -1.513
   4.763
  -0.583
   0.583
   0.291
   2.858
  -1.133
   0.285
   0.000
   0.284
   1.127
   2.490
   0.273
   0.272
  -0.544
  -0.547
  -2.504
   0.000
  -1.418
   0.286
  -0.859
   0.287
  -0.287
  -0.287
  -2.628
  -0.296
  -0.595
   0.000
  -0.299
   0.000
   0.000
  -0.299
   0.897
   4.367
   0.851
  -1.136
   0.569
   0.000
   0.566
  -0.282
  -0.854
  -1.439
  -1.166
   4.305
  -1.130
  -1.430
   0.574
   3.103
  -1.117
   0.839
   3.018
  -0.542
  -0.544
   0.545
   3.733
   6.340
  -0.246
  -1.489
   0.251
   0.749
  -2.264
   1.515
   4.173
  -0.724
  -1.218
   3.373
  -1.673
   1.673
  -1.673
   0.241
   2.140
   3.696
   1.128
  -2.497
  -0.924
  -1.402
   1.169
  -0.466
   0.466
   0.000
   0.233
  -0.465
   2.985
   3.774
  -2.203
   1.327
   1.093
   3.838
  -2.328
   0.427
   1.060
  -1.061
   0.849
  -1.276
  -0.429
  -1.954
  -0.881
   1.971
   2.358
   0.843
  -1.695
   0.639
   0.635
  -1.061
  -0.857
   1.069
  -0.213
  -1.938
  -0.654
  -1.989
  -1.348
   0.000
   5.930
  -0.642
  -3.272
   1.321
   1.088
  -2.189
   0.000
  -0.221
  -1.115
  -6.484
   4.236
  -1.159
  -0.936
  -0.472
   0.706
   1.398
   0.922
   0.229
  -3.492
  -0.237
   1.882
  -0.233
  -1.175
   0.000
   0.000
   1.408
  -1.173
  -0.711
   0.000
  -0.716
   4.674
   1.136
   1.123
  -0.223
   2.867
  -0.217
   1.513
  -0.646
  -1.304
   2.592
  -0.642
  -1.732
  -1.540
  -4.304
  -0.696
  -1.883
   1.649
   2.081
  -3.020
   0.706
  -0.469
   0.000
  -1.183
   0.947
  -0.236
  -0.951
   2.824
  -1.637
   0.706
   0.000
  -2.131
  11.084
   0.640
   0.847
  -1.274
  -2.378
   0.654
   0.866
   0.645
  -1.077
  -0.651
  -1.100
   0.881
   1.739
  -1.301
   0.000
   0.436
   1.724
   4.594
  -0.819
   1.024
   1.215
  -0.606
   2.203
   0.789
   0.587
  -0.588
  -0.987
   0.791
  -2.390
  -1.626
   2.629
   0.000
  -1.610
   0.607
   1.003
   1.780
   1.942
  -1.942
  -1.383
  -0.798
  -1.209
  -1.019
   1.626
  -1.832
  -1.657
   2.678
  -0.612
  -1.235
  -2.729
  -3.024
  -1.325
   1.324
  -0.440
  -0.220
  -1.782
   0.448
   1.554
   2.609
  -2.389
   0.000
  -2.223
   0.448
  11.005
  -1.616
   1.416
   0.201
   0.200
  -0.401
  -0.604
   1.603
  -0.999
   1.198
   0.593
  -1.195
   1.393
   1.957
  -0.583
   0.777
  -1.363
   0.975
   0.387
   0.386
   2.097
   2.791
  -0.552
  -0.185
  -0.371
   2.925
   0.897
  -0.897
   0.000
  -1.269
  -0.916
  -0.925
   0.371
   0.000
   0.554
  -0.925
   0.925
   2.006
   0.719
   0.000
   1.776
  -0.884
  -0.178
  -1.074
   0.180
  -0.721
  -0.181
   0.000
  -0.728
   1.449
   0.180
  -1.083
  -0.729
   1.091
  -0.543
   3.397
   0.526
   0.175
   2.072
  -1.204
   1.204
   0.171
   1.524
   1.336
  -0.499
  -0.501
  -2.202
   1.192
   0.675
  -0.337
   2.662
  -2.158
  -0.843
   0.507
  -1.015
  -2.934
   1.048
   1.553
   1.361
  -2.740
   0.520
   0.689
   0.342
  -0.514
   0.514
   0.171
  -0.513
  -4.383
   0.357
   1.065
  -0.177
   0.000
   0.177
  -1.783
   2.662
   0.000
   0.349
  -0.525
  -1.592
   1.942
  -1.232
  -1.247
   0.714
   0.355
  -0.533
   2.116
  -1.230
   3.984
  -0.170
   0.000
   1.015
  -1.698
   1.866
  -1.183
   0.339
   0.843
  -0.505
   1.509
   0.498
   1.479
  -0.819
   0.000
   0.492
   1.462
   0.000
  -0.324
  -0.976
  -1.482
  -1.504
  -0.338
  -2.220
   0.000
   0.173
  -1.039
   0.522
   2.059
   1.014
   0.335
   0.000
  -0.168
   0.000
   1.005
   0.000
  -0.167
   0.997
   0.000
  -0.165
  -0.664
  -1.005
   0.000
   0.000
   0.838
  -1.176
   1.675
   0.166
   2.458
   3.342
   0.468
  -0.625
   0.000
   1.091
   0.618
   1.073
  -0.612
   0.307
   2.118
  -1.054
   1.053
  -1.508
  -0.763
   2.121
   0.300
   1.631
  -0.590
  -1.791
  -0.756
  -0.303
   0.909
   0.151
   1.198
  -0.149
   0.149
   2.353
   0.868
   0.431
  -0.865
   1.722
   0.426
  -1.283
   2.129
   2.906
   2.025
   0.134
   1.721
   1.692
  -2.350
  -2.678
   0.811
   1.469
  -0.265
  -0.669
   0.669
  -0.133
   0.267
   0.398
   0.133
   0.660
  -0.396
   0.264
  -1.862
   0.268
   1.988
   2.078
  -1.164
   0.648
  -1.826
  -2.532
   0.404
   1.335
  -0.399
  -2.836
   0.137
  -1.656
  -0.558
  -0.280
   1.254
   1.648
   1.353
   0.000
  -0.404
   1.208
   4.178
  -0.641
   0.385
   1.147
  -0.381
  -2.970
   0.783
   0.906
  -1.036
   1.679
  -0.900
   2.172
   0.630
   1.125
  -0.874
   1.863
   2.069
   0.120
   3.197
  -0.233
  -5.524
   2.800
  -0.481
   3.671
   0.811
   0.575
   1.593
  -0.113
  -1.595
   0.687
  -1.957
   1.385
  -0.345
   0.230
   0.914
   0.228
  -0.685
   0.115
   1.364
   1.123
   0.334
   1.106
  -2.000
  -4.242
   0.817
  -0.933
  -1.655
  -0.959
  -2.190
   0.735
  -0.736
   1.707
  -0.607
  -1.595
  -0.372
  -1.374
  -0.504
  -2.561
   1.160
  -2.993
  -1.330
  -1.212
   2.013
   2.751
  -1.039
  -1.446
  -0.531
  -1.205
   0.135
   1.602
  -0.531
   0.664
  -1.064
   1.460
  -1.193
   0.797
  -0.398
  -2.284
  -1.368
   1.910
   0.540
  -0.539
   1.609
   3.013
  -0.517
   1.927
  -2.970
   3.731
  -1.015
  -1.932
  -0.260
   0.650
   1.797
  -1.023
  -0.387
   2.799
   1.865
  -0.990
  -1.756
  -0.762
   0.637
  -1.022
   0.000
  -2.075
   0.131
   0.131
  -0.524
  -2.259
   1.600
   0.791
   0.654
   0.000
   1.166
   0.129
  -0.516
  -1.959
   1.441
  -0.391
   0.000
  -1.049
   2.218
  -0.647
  -0.913
  -0.921
  -0.797
  -3.804
  -1.395
   3.179
  -2.759
   1.664
   0.412
   0.547
   0.272
  -2.059
   1.377
  -0.549
  -1.804
  -2.697
   1.994
   0.562
  -2.701
   0.574
   0.000
  -1.008
  -3.836
   4.557
   0.715
   9.388
   5.802
   0.245
   0.730
   3.810
  -2.724
   0.598
   1.657
   1.975
  -0.115
   0.460
   0.571
   2.367
   2.203
  -1.647
   0.774
   0.000
   1.530
  -1.420
   0.548
   2.911
   0.318
   0.948
   0.940
   3.171
   1.201
  -0.599
   3.056
  -1.074
  -3.800
  -3.739
  -1.707
   2.446
  -1.695
   0.107
  -2.486
   2.592
  -2.592
   1.412
   0.859
   2.535
   3.886
  -2.334
  -3.979
  -1.833
  -0.545
  -4.934
   1.822
   0.450
  -1.357
   1.358
  -0.790
   6.362
   1.791
  -1.684
   1.371
  -1.265
  -1.604
   1.285
  -5.241
   2.327
   1.198
  -9.293
   0.238
  -0.118
   1.763
  -0.233
  -0.234
   1.395
  -0.463
   0.809
  -0.809
   0.116
   0.000
   0.232
  -1.045
  -1.057
   0.330
   1.057
  -0.586
   1.168
   0.925
   0.344
  -0.345
   2.050
   1.121
  -1.008
  -0.565
  -1.024
  -0.459
  -0.461
  -1.278
   0.350
  -0.467
  -1.296
   0.473
  -0.949
  -3.517
   0.493
   0.856
   0.486
  -0.121
   0.243
  -1.587
   0.857
  -1.228
   0.860
  -1.355
  -2.132
   1.009
   0.125
  -1.134
   0.253
   0.126
   2.494
  -1.489
  -1.511
  -0.637
   0.510
   0.633
  -0.126
  -2.951
  -1.311
  -4.176
   5.226
  -1.712
   0.133
  -0.532
  -1.342
  -2.462
   1.648
  12.171
   0.241
   0.838
   2.475
   0.116
  -0.233
   1.504
   0.343
   0.342
   3.010
   0.774
  -0.996
  -0.222
  -2.484
   1.699
  -0.338
  -0.792
   0.000
   0.454
   1.572
   0.333
   0.332
  -0.443
  -0.669
   2.867
   0.109
  -0.653
   0.762
  -0.543
  -1.318
   2.077
   1.823
   0.424
  -0.106
  -0.638
   4.074
   0.511
   0.710
   0.706
  -0.806
  -0.406
   1.011
  -0.101
   1.895
  -1.694
   0.302
  -0.200
  -0.604
   1.702
  -0.697
   1.292
   0.982
   0.390
  -1.669
   1.181
   1.649
   0.096
  -0.386
  -1.459
  -1.579
   2.941
   0.578
  -2.431
   1.756
  -1.462
  -0.689
   0.690
  -1.384
   0.595
   2.056
  -1.170
   0.975
   1.158
   2.633
   0.281
   0.466
   0.093
  -0.933
   1.120
   1.565
   5.766
   1.200
   4.904
  -0.978
   0.978
   2.799
  -0.554
   0.238
   0.079
   0.788
   2.250
  -0.230
  -0.385
  -2.184
  -1.831
   2.772
  -1.416
  -1.035
  -2.924
   0.821
  -2.819
   2.163
   4.348
  -0.315
  -2.238
  -0.243
   0.967
   0.000
  -0.402
  -0.972
  -1.393
   1.148
   3.762
   1.326
   1.309
  -2.165
   1.243
   0.693
   0.536
   1.898
  -1.441
   0.531
  -0.151
   1.053
   0.597
  -6.136
  -4.036
  -0.827
  -3.207
   3.373
   3.663
   0.558
  -0.238
  -1.283
  -0.810
  -3.224
  -1.626
   1.866
  -4.118
   1.736
  -0.172
   0.944
  -0.943
   0.172
  -1.125
  -1.668
  -2.599
   4.441
   1.809
   0.256
  -2.673
   0.523
   0.952
  -0.172
   0.430
   0.770
  -1.287
   0.946
  -0.086
  -0.774
  -1.391
   0.524
  -2.914
  -0.090
  -1.082
  -0.728
  -3.248
   3.158
  -0.642
   3.169
  -2.344
   0.182
  -0.365
  -2.218
  -1.983
  -1.440
   2.484
   3.066
  -2.595
  -0.094
   0.282
   2.316
   1.002
  -0.272
   0.182
   1.442
  -1.714
   1.893
   1.682
   7.605
  -1.889
  -0.249
   5.183
   1.333
   0.544
   0.464
   2.437
  -0.377
  -1.814
   3.187
   0.075
   3.519
   0.072
   0.144
   0.000
  -2.254
  -0.738
   2.920
   0.788
  -1.510
   0.506
   3.333
   0.556
  -2.670
  -1.435
   0.720
  -3.207
  -1.192
  -0.602
   3.264
   1.449
  -0.722
   1.009
   1.141
   0.988
   0.281
   0.698
  -0.979
   0.700
   0.279
  -2.392
   4.526
   0.068
  -1.370
   0.688
  -1.102
   1.716
   1.755
   1.461
  -0.331
   1.314
   0.456
  -0.456
   0.000
  -0.523
   0.784
   1.679
   2.028
   4.777
  -0.721
  -0.726
   2.042
   2.524
  -0.757
  -1.887
  -2.045
   2.993
  -0.236
  -0.951
   1.422
   0.235
   1.283
  -0.278
  -1.999
  -2.161
   0.424
   0.902
  -0.722
  -3.624
   3.985
   3.716
   0.058
  -2.105
   0.589
  -1.301
  -1.620
   0.543
  -2.683
   0.247
   2.616
  -0.481
   0.181
  -0.120
  -0.727
  -2.835
  -3.046
   1.026
  -0.255
  -1.547
   3.446
   0.000
  -0.882
   0.505
   4.555
  -0.604
  -1.647
   0.062
   0.979
   2.288
   0.947
  -2.386
   1.022
  -0.239
   0.478
   1.890
  -1.474
  -0.596
   0.299
  -0.418
  -1.143
  -1.586
  -1.798
  -4.545
   2.138
   7.590
  -0.059
  -4.623
  -2.394
  -8.515
   9.909
  -1.138
  -2.512
   2.766
   3.124
   0.308
   0.794
  -1.459
  -1.558
  -1.839
   1.335
  -2.428
   2.554
   2.368
   1.951
  -1.338
   0.914
   1.624
   0.773
  -2.336
   4.038
   2.188
  -0.228
   2.759
  -1.623
  -0.340
  -1.024
   2.709
   0.555
  -2.240
  -3.574
  -4.685
  -1.238
   0.497
   2.810
  -1.701
  -1.980
   2.103
   0.427
  -3.915
   0.506
   2.552
   1.040
   0.364
   1.445
   0.951
   0.766
  -1.122
  -0.955
  -0.060
  -4.040
   0.062
   1.978
   0.489
   0.789
   1.500
   3.163
  -7.917
  -0.752
  -0.189
  -1.077
  -1.670
   0.517
   1.217
   0.571
   1.818
  -1.188
  -1.075
   1.263
  -1.377
   0.000
   2.892
   1.781
   0.183
  -0.487
  -0.367
   0.732
   0.000
  -0.122
   0.244
  -0.366
   2.648
   0.238
  -1.012
  -2.423
   0.184
  -3.108
  -0.063
  -0.824
  -2.059
   1.420
   1.653
   1.129
  -0.625
   1.618
  -0.371
   0.680
   1.284
  -0.793
  -0.676
   2.074
   2.386
  -0.888
  -0.656
  -1.084
   0.603
   0.541
   1.308
  -1.069
   1.246
  -1.246
  -0.179
   1.778
  -2.077
   1.961
   3.241
  -1.781
  -0.058
   3.140
   5.947
  -2.793
   2.369
  -0.106
  -1.773
   0.324
  -0.108
   0.270
   0.859
  -0.214
   1.013
  -0.291
  -0.107
   2.425
  -0.575
   0.262
   1.864
   3.180
  -0.697
  -0.250
   0.301
  -1.207
   0.101
  -1.374
  -0.772
  -0.622
  -0.156
  -2.157
  -0.266
  -1.397
  -1.471
   1.903
   2.394
  -0.053
   0.367
  -1.691
  -1.072
   0.216
  -3.502
  -2.024
   0.905
  -1.991
  -2.501
   1.867
   3.298
   0.224
   0.390
   0.499
   0.991
   0.600
   1.674
  -1.347
  -1.311
   0.165
   0.983
   1.777
   1.221
   0.735
   0.209
  -2.218
   1.168
   1.519
   1.497
   4.898
  -0.538
  -2.835
   0.303
   1.001
  -0.050
   1.827
   4.309
  -0.658
   0.189
  -4.576
   1.516
   0.944
  -0.483
   0.579
  -1.065
  -0.390
  -1.426
  -0.646
  -0.199
   2.953
   0.821
  -1.454
  -0.146
   0.537
  -0.097
   1.880
  -4.393
  -2.169
  -8.456
   4.609
   2.150
   1.032
  -1.970
   5.351
  -1.954
  -0.813
   3.262
   2.005
   0.676
   0.384
  -2.916
  -1.640
   2.768
  -0.342
   3.320
  -1.143
   2.225
   0.094
  -1.651
  -2.260
  -2.462
  -0.450
  -3.723
  -0.835
   1.250
   2.251
   3.040
   2.760
  -2.074
   1.788
   4.495
  -0.413
   2.498
  -1.082
   3.430
  -0.615
  -0.176
   1.054
   0.913
   1.247
   1.738
  -0.168
  -0.084
  -0.676
   0.338
   0.758
   0.774
   0.954
   3.009
   0.718
   0.476
  -0.277
   1.223
  -0.867
   0.631
  -0.275
   0.980
   3.941
  -0.791
   0.904
   1.930
  -2.910
   2.836
  -1.445
  -2.380
   0.458
   1.772
   0.596
   0.740
  -2.654
   1.802
  -3.099
   1.297
  -0.380
   1.022
   3.258
   2.766
   3.277
   1.498
   1.576
   0.696
  -1.129
  -0.200
  -1.280
  -0.749
   3.556
  -0.462
   0.759
  -1.390
   0.896
  -2.238
   0.236
  -2.663
   2.360
   3.878
   1.163
   1.277
  -9.163
   1.244
   1.972
  -4.019
   0.210
   2.521
  -1.928
  -1.683
  -0.853
  -3.299
  -2.123
   0.732
  -2.578
   3.694
   5.543
  -3.274
  -0.145
  -1.166
   2.175
  -1.517
   3.612
  -0.564
  -1.817
  -0.072
  -2.257
  -0.813
  -0.372
  -0.598
   2.517
   4.223
   0.280
   1.835
  -0.378
   0.755
  -2.702
   2.222
  -0.551
  -1.636
  -0.246
  -5.237
  -0.931
  -0.978
   2.463
   1.063
   0.618
   3.141
   0.386
  -0.738
  -0.141
   3.844
  -0.511
   1.895
   0.268
  -0.369
  -1.555
  -1.892
  -0.348
  -0.910
  -4.238
  -2.151
   1.783
   1.244
  12.367
   2.663
   4.945
   1.008
  -3.358
  -0.091
   2.114
   1.453
  -0.118
   0.059
  -1.250
   3.752
   0.631
   1.080
   2.016
   8.701
  -2.782
  -0.734
   0.420
  -1.107
  -1.280
  -1.080
  -2.918
  -1.152
   6.588
  -1.815
   0.000
  -3.509
   1.551
  -0.717
   2.676
   3.806
  -3.269
   0.321
  -1.507
  -0.816
   1.034
   0.324
   4.069
  -0.415
   0.467
   3.259
  -1.108
  -0.356
  -0.305
   0.458
  -0.458
   1.669
   3.644
   1.345
   0.949
  -0.949
   1.375
   0.890
   2.488
   0.317
   0.045
  -0.454
  -0.685
  -0.046
  -1.200
  -4.851
   0.583
  -4.054
   0.754
  -1.463
   2.608
   1.669
  -2.365
   0.249
  -2.773
  -2.380
  -0.736
   3.880
   0.350
  -1.069
  -2.381
   3.298
  -1.790
   1.841
   3.191
   0.879
  -3.665
  -0.760
  -0.971
   2.183
  -1.978
   0.307
   0.459
   0.860
  -0.657
   1.110
   2.135
  -1.087
   2.343
   2.408
  -0.952
   3.013
   0.186
  -1.963
   0.706
  -1.036
  -1.479
  -3.623
   3.719
  -2.332
  -1.536
  -2.579
   2.429
  -1.613
   0.406
  -2.822
   0.778
  -2.723
   1.789
   1.757
  -2.332
  -2.388
  -2.501
   0.659
  -3.791
  -4.593
   1.827
   0.815
  -0.814
   0.117
  -0.117
 -16.197
   3.177
  -0.067
   1.716
  -2.653
   2.062
   3.430
  -1.539
  -2.023
  -0.397
  -3.091
  -1.443
   4.132
  -0.334
   3.542
  -2.084
   0.786
  -1.778
   0.464
  -1.332
   4.969
   6.661
   2.939
  -1.635
  -1.962
   0.897
  -0.777
  -1.086
   0.665
   1.732
   5.919
   3.509
   0.538
   1.661
  -4.047
  -4.375
   0.970
  -0.970
  -2.203
   2.375
  -0.057
  -0.979
   1.891
  -1.602
   0.231
   1.031
  -0.457
  -0.172
  -0.287
  -0.808
