 0.023188
-0.053109
-0.096893
 0.031374
 0.003600
 0.051122
 0.013156
 0.027702
-0.006191
-0.031069
 0.023622
 0.025990
 0.010515
 0.056518
-0.019213
 0.008532
 0.061841
-0.019194
 0.058547
 0.003558
 0.032746
-0.038482
 0.097357
 0.030012
 0.032689
-0.022414
 0.070867
 0.086378
 0.037816
-0.068294
 0.003578
 0.057345
 0.050093
 0.016349
 0.116480
-0.004928
 0.033116
 0.006416
-0.032220
 0.014018
-0.089496
 0.073517
 0.019354
 0.026149
-0.042569
-0.212381
-0.121530
-0.025507
 0.108523
 0.031987
 0.102365
-0.041406
-0.038441
-0.187408
 0.039137
-0.018704
-0.149706
-0.094972
-0.024575
-0.137330
 0.141260
 0.157572
-0.063638
-0.151230
-0.140216
 0.180091
-0.070551
-0.018815
-0.312276
 0.111163
-0.082696
-0.188422
 0.090269
 0.023571
-0.117349
-0.184639
-0.199585
 0.046404
 0.432668
 0.655073
-0.053971
-0.163908
-0.073471
-0.036882
 0.039602
-0.121133
 0.059719
 0.517847
 0.603110
 0.224552
-0.092168
 0.112933
-0.149563
-0.107623
 0.068660
 0.015002
 0.317669
 0.010085
 0.007566
 0.001762
-0.106445
 0.003478
-0.185602
 0.097822
-0.010610
-0.020939
 0.127128
 0.014980
-0.029931
-0.054802
-0.075761
 0.102132
 0.024729
 0.040692
 0.111438
 0.080755
 0.023866
 0.080740
 0.145103
 0.059796
 0.149369
 0.046577
 0.004800
-0.121373
 0.051895
-0.000578
 0.081854
 0.022220
 0.033850
 0.064899
 0.090848
 0.030084
 0.075777
 0.025389
-0.000037
-0.101248
-0.023833
-0.076140
 0.098243
-0.051581
-0.192223
-0.102088
-0.108609
-0.099962
 0.043053
 0.059460
-0.285612
 0.216070
-0.070239
 0.306153
 0.121239
-0.062467
-0.015390
 0.145201
-0.036190
 0.032274
-0.075517
 0.041026
-0.172152
 0.001386
 0.086120
-0.084583
 0.134705
-0.106282
 0.392728
-0.007336
-0.080841
 0.016323
-0.018491
 0.029486
 0.026239
 0.015530
-0.268552
 0.066308
 0.036894
 0.023333
 0.037789
 0.049223
-0.002018
-0.017094
-0.006876
-0.020483
 0.016677
-0.054966
 0.009761
 0.067057
 0.128690
-0.005861
-0.021119
-0.062217
-0.033320
-0.082162
 0.130737
-0.016513
-0.052209
-0.044369
 0.030448
 0.023985
 0.045939
 0.027825
 0.048439
 0.101545
-0.013671
 0.035660
 0.167345
 0.133544
 0.112718
 0.035419
 0.084394
 0.010798
-0.063956
 0.003063
 0.034956
-0.003973
-0.088354
 0.098474
 0.045564
 0.013878
 0.041304
-0.028921
 0.066125
 0.105428
-0.012595
 0.029196
 0.000177
 0.001415
 0.022945
 0.069483
 0.042912
 0.086519
-0.056651
 0.088953
 0.029628
 0.036966
-0.035179
 0.065361
 0.062674
 0.064646
 0.097799
 0.023899
 0.094391
-0.066914
 0.058212
 0.051697
 0.054726
-0.048994
-0.040917
-0.075395
-0.135938
-0.011594
-0.002688
 0.046884
 0.030258
-0.007465
-0.029987
-0.081542
-0.037234
 0.056963
 0.061879
-0.017199
 0.005749
 0.033143
-0.029056
 0.021860
-0.015898
-0.059801
 0.096071
 0.040865
 0.087118
-0.012370
-0.053724
-0.001616
-0.042755
 0.052888
-0.106244
 0.014177
 0.017924
-0.041333
 0.058956
-0.031821
-0.042723
-0.007950
 0.062310
 0.025764
 0.043705
 0.039276
 0.010454
 0.069966
 0.040102
 0.015658
-0.001788
 0.047735
 0.032819
-0.074923
 0.050857
 0.052352
 0.054639
-0.005599
 0.032434
 0.083956
 0.076381
 0.011537
-0.033665
 0.040659
-0.025532
-0.044952
 0.063124
 0.047509
 0.023307
-0.023429
 0.007421
 0.015198
 0.017501
-0.020726
 0.029208
-0.044818
 0.023888
 0.031099
 0.011304
-0.000286
-0.015501
-0.011474
 0.055663
 0.022709
 0.024362
 0.011994
-0.010283
-0.024130
 0.005783
-0.031458
 0.017600
-0.051682
-0.011163
 0.038012
 0.021337
-0.015614
 0.071321
 0.013861
 0.029353
 0.016388
 0.043192
 0.012067
 0.072137
-0.009242
 0.044130
-0.006628
 0.092005
 0.088119
 0.014081
 0.042937
 0.000939
 0.022228
 0.008069
 0.034707
 0.007847
 0.005689
-0.007778
-0.017728
 0.055276
 0.023036
-0.020721
 0.033669
 0.051392
 0.003773
-0.039689
 0.021538
 0.039859
-0.017285
-0.036113
 0.006800
 0.010743
 0.017636
 0.003465
-0.023077
 0.022234
 0.025821
 0.021544
-0.006752
 0.005961
-0.049852
-0.052206
-0.066185
 0.020887
-0.048891
 0.106346
-0.011798
 0.035981
 0.030149
 0.039282
 0.031810
 0.054290
 0.029916
 0.052458
 0.032455
 0.042046
 0.039062
 0.041488
 0.027492
 0.012793
 0.025591
 0.007587
 0.004492
 0.030152
-0.015067
-0.045901
 0.023218
 0.014870
 0.021240
-0.039103
 0.008127
-0.024466
-0.019194
 0.025325
 0.021360
-0.018074
 0.034957
-0.058797
-0.022993
 0.046582
 0.037387
 0.082388
 0.059865
 0.050442
 0.009411
 0.041767
-0.042383
 0.011543
 0.021117
-0.029770
 0.021105
 0.046300
-0.003514
-0.007893
 0.015444
-0.005939
-0.068055
-0.098045
-0.084971
 0.063777
 0.037340
-0.063898
-0.039690
 0.121084
-0.025598
 0.089144
-0.014477
 0.012028
 0.026890
 0.032301
-0.010382
-0.006304
 0.042305
-0.010373
 0.012209
-0.016140
-0.004225
 0.032062
 0.025173
 0.025510
 0.001004
 0.007537
 0.010411
 0.030161
-0.006038
 0.038260
 0.018821
-0.000516
-0.012365
 0.071403
 0.032325
 0.015410
 0.041560
-0.005845
-0.083718
 0.028633
 0.041844
 0.027420
 0.058679
 0.046543
 0.042960
 0.064170
 0.028865
-0.008889
 0.046619
-0.086074
-0.004980
-0.016316
-0.100714
-0.018161
-0.014385
 0.040727
 0.017306
 0.172103
 0.042368
 0.058244
 0.041909
-0.008097
 0.081963
 0.083250
 0.006312
 0.062963
-0.020594
 0.000877
 0.080445
 0.023900
-0.056118
-0.011222
 0.143031
 0.091309
 0.016224
-0.026205
 0.035918
 0.068808
 0.006859
 0.072011
 0.005910
-0.001688
-0.085726
 0.020289
 0.003494
 0.006265
-0.113404
-0.095823
 0.052187
-0.024618
 0.092414
-0.055079
-0.066178
-0.038830
 0.040195
-0.023673
-0.161963
-0.090523
-0.073903
 0.059260
 0.061617
 0.126096
-0.058604
 0.003021
 0.081321
 0.136097
 0.047915
 0.056603
 0.027087
-0.049431
-0.017240
-0.053635
 0.041077
-0.004653
-0.057468
-0.034150
 0.117128
 0.103892
 0.041809
-0.000951
 0.001231
-0.018122
-0.033775
-0.029489
 0.012252
-0.030725
-0.013767
 0.051097
-0.019873
-0.026173
-0.072856
-0.029021
-0.070657
-0.083586
-0.037774
 0.105953
-0.044402
 0.073015
 0.000315
-0.175249
-0.041833
 0.132290
 0.008559
 0.008371
-0.055505
-0.072558
-0.033485
-0.051935
-0.085820
-0.078985
 0.088990
-0.051352
-0.080724
 0.299221
 0.053978
 0.081546
 0.031115
 0.072907
 0.071790
-0.008976
-0.048105
-0.038883
 0.014703
 0.016844
-0.000578
 0.190032
 0.106222
 0.018173
-0.003804
-0.019671
 0.026517
 0.002234
-0.016677
 0.017009
-0.022569
 0.026643
 0.102563
 0.036887
 0.004426
 0.010626
 0.016916
 0.002880
 0.051598
 0.012366
-0.001233
 0.015021
-0.023168
 0.070896
 0.021099
-0.011196
 0.026044
 0.067868
 0.079294
 0.067630
 0.010288
 0.052383
 0.093574
 0.006062
-0.177326
 0.038224
 0.014350
 0.093735
-0.016314
 0.084126
 0.028872
-0.007005
 0.054593
 0.021341
 0.075539
-0.001260
-0.097858
 0.065408
 0.067195
 0.105038
-0.006299
-0.165083
 0.053579
 0.071098
 0.046212
 0.089399
 0.063740
 0.052561
 0.047444
 0.069146
-0.032432
 0.005590
 0.002066
 0.072659
 0.028016
 0.027211
-0.013080
-0.019781
-0.071918
-0.089783
 0.069862
 0.021704
-0.019629
-0.017217
-0.047775
-0.012073
 0.052454
-0.022200
-0.036616
-0.014985
 0.063405
 0.032885
 0.128619
 0.092036
 0.022644
 0.109106
 0.052681
 0.050214
 0.081444
 0.090840
 0.048799
-0.017980
-0.033538
 0.002960
-0.056570
 0.030606
-0.019332
 0.005688
-0.053818
 0.007093
-0.019455
-0.050766
 0.013851
-0.047479
 0.089623
 0.000260
-0.020953
-0.031390
 0.005083
 0.122783
 0.047157
-0.008492
-0.011322
 0.022982
 0.003482
 0.019458
-0.003306
-0.056222
 0.019001
 0.053335
 0.029199
 0.043401
 0.062372
 0.047744
 0.015674
 0.036680
 0.008864
-0.073591
 0.022140
-0.060467
 0.024537
-0.006301
-0.034537
 0.116898
 0.074949
 0.033141
-0.019600
 0.000723
 0.021912
 0.034751
 0.015680
-0.015563
-0.270875
-0.052393
 0.028093
 0.078073
 0.062058
 0.034338
 0.015169
-0.017122
 0.048424
 0.000491
-0.023705
 0.018792
-0.011757
-0.036799
 0.019601
 0.063253
 0.002709
 0.016953
 0.030763
 0.027435
-0.008271
 0.031489
 0.019273
 0.004573
-0.050967
-0.008113
-0.012152
-0.045868
 0.015867
 0.022186
-0.026743
 0.046710
 0.005421
-0.027254
-0.109887
-0.080449
-0.056236
 0.036660
-0.003825
 0.085290
 0.133728
 0.078008
 0.030970
 0.030289
-0.034482
 0.034965
 0.028569
 0.008659
 0.023892
-0.025440
 0.036613
 0.149572
 0.051947
-0.014197
-0.032918
 0.005418
-0.039692
 0.027176
-0.024521
 0.012018
 0.016250
 0.067777
 0.035695
 0.066814
-0.007958
 0.030881
-0.012853
 0.038037
 0.012056
 0.014061
 0.040415
 0.025878
 0.040201
-0.024537
 0.016153
 0.048897
-0.009569
-0.046033
-0.011011
-0.000447
-0.026459
 0.015439
 0.036842
 0.004556
-0.002367
-0.040653
-0.012864
 0.027644
 0.028008
 0.018717
 0.026017
 0.020496
 0.048681
 0.055137
 0.030255
 0.025919
-0.040528
 0.017244
 0.009816
 0.033370
 0.031571
 0.024126
 0.057383
 0.060966
-0.030639
-0.078673
 0.044778
 0.028977
-0.019994
 0.024713
-0.001327
 0.061661
-0.010435
-0.047888
-0.021343
 0.085143
 0.044181
 0.048563
 0.027061
 0.081392
-0.025680
-0.019787
-0.022614
