19620105      3.24
19620112      3.32
19620119      3.29
19620126      3.26
19620202      3.29
19620209      3.29
19620216      3.31
19620223      3.29
19620302      3.20
19620309      3.15
19620316      3.10
19620323      2.99
19620330      2.96
19620406      2.91
19620413      2.97
19620420      3.00
19620427      3.06
19620504      3.06
19620511      3.01
19620518      3.04
19620525      3.03
19620601      2.98
19620608      2.96
19620615      2.97
19620622      3.04
19620629      3.16
19620706      3.22
19620713      3.27
19620720      3.33
19620727      3.32
19620803      3.30
19620810      3.28
19620817      3.21
19620824      3.15
19620831      3.11
19620907      3.13
19620914      3.06
19620921      3.04
19620928      3.03
19621005      2.98
19621012      2.99
19621019      2.96
19621026      2.98
19621102      2.98
19621109      2.98
19621116      2.99
19621123      3.01
19621130      3.03
19621207      3.02
19621214      2.99
19621221      3.00
19621228      3.01
19630104      3.04
19630111      3.03
19630118      3.01
19630125      3.06
19630201      3.05
19630208      3.00
19630215      3.00
19630222      3.01
19630301      3.03
19630308      2.99
19630315      3.00
19630322      3.05
19630329      3.10
19630405      3.08
19630412      3.10
19630419      3.14
19630426      3.13
19630503      3.11
19630510      3.09
19630517      3.09
19630524      3.12
19630531      3.19
19630607      3.23
19630614      3.18
19630621      3.19
19630628      3.19
19630705      3.29
19630712      3.50
19630719      3.55
19630726      3.51
19630802      3.49
19630809      3.50
19630816      3.53
19630823      3.55
19630830      3.58
19630906      3.58
19630913      3.57
19630920      3.58
19630927      3.56
19631004      3.59
19631011      3.61
19631018      3.64
19631025      3.69
19631101      3.68
19631108      3.75
19631115      3.77
19631122      3.73
19631129      3.73
19631206      3.78
19631213      3.80
19631220      3.83
19631227      3.84
19640103      3.84
19640110      3.81
19640117      3.79
19640124      3.77
19640131      3.78
19640207      3.74
19640214      3.75
19640221      3.78
19640228      3.86
19640306      3.91
19640313      3.90
19640320      3.90
19640327      3.94
19640403      3.95
19640410      3.93
19640417      3.93
19640424      3.89
19640501      3.85
19640508      3.86
19640515      3.82
19640522      3.84
19640529      3.84
19640605      3.84
19640612      3.85
19640619      3.85
19640626      3.82
19640703      3.79
19640710      3.75
19640717      3.67
19640724      3.71
19640731      3.70
19640807      3.70
19640814      3.74
19640821      3.75
19640828      3.77
19640904      3.83
19640911      3.86
19640918      3.85
19640925      3.82
19641002      3.84
19641009      3.86
19641016      3.87
19641023      3.87
19641030      3.87
19641106      3.86
19641113      3.85
19641120      3.86
19641127      4.03
19641204      4.07
19641211      4.03
19641218      3.99
19641225      4.01
19650101      4.01
19650108      3.94
19650115      3.94
19650122      3.94
19650129      3.94
19650205      3.98
19650212      4.02
19650219      4.04
19650226      4.08
19650305      4.10
19650312      4.08
19650319      4.04
19650326      4.04
19650402      4.04
19650409      4.04
19650416      4.03
19650423      4.04
19650430      4.04
19650507      4.03
19650514      4.02
19650521      4.03
19650528      4.04
19650604      4.03
19650611      4.03
19650618      4.00
19650625      3.94
19650702      3.96
19650709      3.98
19650716      3.98
19650723      3.98
19650730      4.00
19650806      4.03
19650813      4.05
19650820      4.07
19650827      4.10
19650903      4.14
19650910      4.15
19650917      4.17
19650924      4.22
19651001      4.35
19651008      4.29
19651015      4.26
19651022      4.29
19651029      4.32
19651105      4.37
19651112      4.38
19651119      4.36
19651126      4.39
19651203      4.41
19651210      4.61
19651217      4.73
19651224      4.81
19651231      4.91
19660107      4.90
19660114      4.87
19660121      4.86
19660128      4.87
19660204      4.88
19660211      4.92
19660218      4.97
19660225      4.99
19660304      5.01
19660311      5.01
19660318      5.00
19660325      4.92
19660401      4.91
19660408      4.87
19660415      4.91
19660422      4.90
19660429      4.91
19660506      4.93
19660513      4.89
19660520      4.90
19660527      5.00
19660603      5.03
19660610      5.03
19660617      4.99
19660624      4.87
19660701      4.96
19660708      5.07
19660715      5.20
19660722      5.22
19660729      5.21
19660805      5.23
19660812      5.33
19660819      5.59
19660826      5.79
19660902      5.89
19660909      5.80
19660916      5.91
19660923      5.88
19660930      5.68
19661007      5.62
19661014      5.60
19661021      5.58
19661028      5.54
19661104      5.54
19661111      5.61
19661118      5.59
19661125      5.49
19661202      5.45
19661209      5.44
19661216      5.20
19661223      5.04
19661230      5.01
19670106      4.93
19670113      4.77
19670120      4.69
19670127      4.69
19670203      4.61
19670210      4.63
19670217      4.76
19670224      4.83
19670303      4.69
19670310      4.56
19670317      4.30
19670324      4.20
19670331      4.15
19670407      4.11
19670414      4.09
19670421      4.11
19670428      4.11
19670505      4.13
19670512      4.14
19670519      4.15
19670526      4.18
19670602      4.19
19670609      4.23
19670616      4.45
19670623      4.55
19670630      4.79
19670707      5.00
19670714      4.94
19670721      4.98
19670728      5.10
19670804      5.09
19670811      5.13
19670818      5.10
19670825      5.14
19670901      5.18
19670908      5.17
19670915      5.21
19670922      5.27
19670929      5.31
19671006      5.30
19671013      5.33
19671020      5.41
19671027      5.42
19671103      5.49
19671110      5.63
19671117      5.61
19671124      5.64
19671201      5.64
19671208      5.71
19671215      5.70
19671222      5.70
19671229      5.74
19680105      5.63
19680112      5.46
19680119      5.35
19680126      5.37
19680202      5.35
19680209      5.43
19680216      5.40
19680223      5.41
19680301      5.44
19680308      5.47
19680315      5.63
19680322      5.66
19680329      5.60
19680405      5.50
19680412      5.54
19680419      5.72
19680426      5.91
19680503      6.01
19680510      6.05
19680517      6.13
19680524      6.32
19680531      6.15
19680607      6.04
19680614      6.04
19680621      5.94
19680628      5.92
19680705      5.84
19680712      5.70
19680719      5.69
19680726      5.50
19680802      5.42
19680809      5.38
19680816      5.48
19680823      5.47
19680830      5.44
19680906      5.43
19680913      5.50
19680920      5.43
19680927      5.42
19681004      5.46
19681011      5.57
19681018      5.57
19681025      5.59
19681101      5.66
19681108      5.72
19681115      5.75
19681122      5.77
19681129      5.76
19681206      5.96
19681213      6.02
19681220      6.24
19681227      6.51
19690103      6.44
19690110      6.49
19690117      6.29
19690124      6.22
19690131      6.32
19690207      6.41
19690214      6.39
19690221      6.41
19690228      6.43
19690307      6.44
19690314      6.34
19690321      6.31
19690328      6.27
19690404      6.25
19690411      6.25
19690418      6.25
19690425      6.28
19690502      6.29
19690509      6.34
19690516      6.42
19690523      6.42
19690530      6.58
19690606      6.79
19690613      7.09
19690620      6.91
19690627      7.26
19690704      7.69
19690711      7.68
19690718      7.53
19690725      7.53
19690801      7.58
19690808      7.48
19690815      7.58
19690822      7.45
19690829      7.63
19690905      7.74
19690912      7.80
19690919      7.81
19690926      7.83
19691003      7.97
19691010      7.82
19691017      7.60
19691024      7.39
19691031      7.54
19691107      7.68
19691114      7.80
19691121      8.01
19691128      8.04
19691205      8.02
19691212      8.16
19691219      8.17
19691226      8.21
19700102      8.34
19700109      8.18
19700116      8.00
19700123      8.04
19700130      8.15
19700206      7.94
19700213      7.72
19700220      7.43
19700227      7.21
19700306      7.05
19700313      6.98
19700320      7.03
19700327      6.79
19700403      6.86
19700410      6.81
19700417      6.87
19700424      7.18
19700501      7.65
19700508      7.72
19700515      7.78
19700522      7.72
19700529      7.78
19700605      7.57
19700612      7.58
19700619      7.60
19700626      7.50
19700703      7.36
19700710      7.23
19700717      7.06
19700724      7.02
19700731      7.03
19700807      7.07
19700814      7.17
19700821      7.02
19700828      6.71
19700904      6.83
19700911      6.86
19700918      6.78
19700925      6.55
19701002      6.60
19701009      6.52
19701016      6.43
19701023      6.39
19701030      6.30
19701106      6.11
19701113      5.87
19701120      5.26
19701127      5.00
19701204      5.04
19701211      5.09
19701218      4.94
19701225      4.95
19710101      4.96
19710108      4.98
19710115      4.68
19710122      4.35
19710129      4.26
19710205      4.17
19710212      3.96
19710219      3.71
19710226      3.68
19710305      3.72
19710312      3.58
19710319      3.60
19710326      3.71
19710402      3.95
19710409      4.07
19710416      4.26
19710423      4.31
19710430      4.65
19710507      4.86
19710514      4.96
19710521      5.20
19710528      5.12
19710604      5.05
19710611      5.40
19710618      5.81
19710625      5.86
19710702      6.18
19710709      6.06
19710716      5.83
19710723      6.03
19710730      6.20
19710806      6.21
19710813      6.22
19710820      5.51
19710827      5.47
19710903      5.34
19710910      5.39
19710917      5.47
19710924      5.44
19711001      5.33
19711008      5.12
19711015      4.90
19711022      4.85
19711029      4.66
19711105      4.57
19711112      4.69
19711119      4.60
19711126      4.76
19711203      4.72
19711210      4.67
19711217      4.64
19711224      4.61
19711231      4.45
19720107      4.41
19720114      4.14
19720121      4.22
19720128      4.33
19720204      4.40
19720211      4.27
19720218      4.16
19720225      4.26
19720303      4.28
19720310      4.35
19720317      4.80
19720324      4.84
19720331      5.02
19720407      5.17
19720414      5.12
19720421      4.93
19720428      4.64
19720505      4.60
19720512      4.66
19720519      4.69
19720526      4.61
19720602      4.69
19720609      4.85
19720616      4.86
19720623      4.96
19720630      5.11
19720707      5.08
19720714      5.04
19720721      4.91
19720728      4.87
19720804      4.82
19720811      4.83
19720818      4.84
19720825      5.09
19720901      5.39
19720908      5.46
19720915      5.51
19720922      5.54
19720929      5.60
19721006      5.60
19721013      5.53
19721020      5.53
19721027      5.44
19721103      5.38
19721110      5.27
19721117      5.20
19721124      5.25
19721201      5.35
19721208      5.44
19721215      5.48
19721222      5.57
19721229      5.64
19730105      5.70
19730112      5.78
19730119      5.89
19730126      6.03
19730202      6.15
19730209      6.16
19730216      6.04
19730223      6.20
19730302      6.43
19730309      6.64
19730316      6.90
19730323      7.03
19730330      7.00
19730406      7.01
19730413      6.82
19730420      6.76
19730427      6.79
19730504      6.83
19730511      6.77
19730518      6.78
19730525      7.03
19730601      7.16
19730608      7.22
19730615      7.20
19730622      7.29
19730629      7.53
19730706      8.05
19730713      8.12
19730720      8.41
19730727      8.72
19730803      8.90
19730810      9.18
19730817      8.89
19730824      8.66
19730831      8.50
19730907      8.39
19730914      8.59
19730921      8.40
19730928      7.87
19731005      7.67
19731012      7.43
19731019      7.38
19731026      7.21
19731102      7.26
19731109      7.73
19731116      7.89
19731123      7.48
19731130      7.26
19731207      7.45
19731214      7.25
19731221      7.08
19731228      7.32
19740104      7.32
19740111      7.39
19740118      7.49
19740125      7.54
19740201      7.23
19740208      6.80
19740215      6.81
19740222      6.85
19740301      7.11
19740308      7.30
19740315      7.43
19740322      8.06
19740329      8.35
19740405      8.47
19740412      8.58
19740419      8.58
19740426      8.71
19740503      9.00
19740510      9.19
19740517      8.76
19740524      8.46
19740531      8.54
19740607      8.63
19740614      8.63
19740621      8.60
19740628      8.82
19740705      9.04
19740712      9.00
19740719      8.61
19740726      8.49
19740802      9.03
19740809      9.08
19740816      9.09
19740823      9.53
19740830      9.83
19740906      9.59
19740913      9.09
19740920      8.68
19740927      8.41
19741004      8.31
19741011      7.97
19741018      8.09
19741025      7.89
19741101      8.00
19741108      7.80
19741115      7.59
19741122      7.55
19741129      7.63
19741206      7.55
19741213      7.24
19741220      7.10
19741227      7.33
19750103      7.29
19750110      7.01
19750117      7.02
19750124      6.70
19750131      6.44
19750207      5.93
19750214      6.07
19750221      5.86
19750228      6.08
19750307      6.06
19750314      6.00
19750321      6.09
19750328      6.24
19750404      6.65
19750411      6.97
19750418      6.83
19750425      7.02
19750502      6.89
19750509      6.61
19750516      6.30
19750523      6.21
19750530      6.26
19750606      6.20
19750613      5.89
19750620      6.20
19750627      6.74
19750704      6.92
19750711      6.96
19750718      6.97
19750725      7.30
19750801      7.38
19750808      7.63
19750815      7.73
19750822      7.80
19750829      7.71
19750905      7.62
19750912      7.70
19750919      7.88
19750926      7.75
19751003      7.70
19751010      7.25
19751017      7.00
19751024      6.73
19751031      6.44
19751107      6.30
19751114      6.38
19751121      6.58
19751128      6.68
19751205      6.75
19751212      6.88
19751219      6.65
19751226      6.32
19760102      6.18
19760109      5.96
19760116      5.77
19760123      5.74
19760130      5.68
19760206      5.82
19760213      5.82
19760220      5.96
19760227      6.02
19760305      6.39
19760312      6.23
19760319      6.23
19760326      6.06
19760402      6.12
19760409      5.96
19760416      5.75
19760423      5.84
19760430      6.02
19760507      6.09
19760514      6.29
19760521      6.54
19760528      6.69
19760604      6.69
19760611      6.52
19760618      6.48
19760625      6.45
19760702      6.46
19760709      6.28
19760716      6.12
19760723      6.21
19760730      6.11
19760806      6.10
19760813      6.02
19760820      6.00
19760827      5.93
19760903      5.91
19760910      5.89
19760917      5.87
19760924      5.76
19761001      5.80
19761008      5.63
19761015      5.38
19761022      5.41
19761029      5.50
19761105      5.45
19761112      5.51
19761119      5.33
19761126      5.05
19761203      4.92
19761210      4.93
19761217      4.91
19761224      4.86
19761231      4.87
19770107      5.02
19770114      5.22
19770121      5.38
19770128      5.50
19770204      5.57
19770211      5.40
19770218      5.37
19770225      5.54
19770304      5.55
19770311      5.52
19770318      5.49
19770325      5.49
19770401      5.45
19770408      5.43
19770415      5.39
19770422      5.41
19770429      5.54
19770506      5.67
19770513      5.87
19770520      5.93
19770527      5.91
19770603      5.86
19770610      5.83
19770617      5.80
19770624      5.79
19770701      5.72
19770708      5.81
19770715      5.88
19770722      5.99
19770729      6.08
19770805      6.24
19770812      6.34
19770819      6.48
19770826      6.42
19770902      6.35
19770909      6.41
19770916      6.57
19770923      6.55
19770930      6.63
19771007      6.79
19771014      7.05
19771021      7.07
19771028      6.96
19771104      7.05
19771111      6.99
19771118      6.92
19771125      6.91
19771202      6.91
19771209      6.94
19771216      6.94
19771223      6.97
19771230      7.01
19780106      7.03
19780113      7.43
19780120      7.34
19780127      7.30
19780203      7.28
19780210      7.31
19780217      7.38
19780224      7.38
19780303      7.34
19780310      7.29
19780317      7.28
19780324      7.25
19780331      7.39
19780407      7.43
19780414      7.40
19780421      7.42
19780428      7.57
19780505      7.68
19780512      7.78
19780519      7.86
19780526      7.93
19780602      7.92
19780609      7.89
19780616      8.03
19780623      8.22
19780630      8.32
19780707      8.34
19780714      8.42
19780721      8.42
19780728      8.39
19780804      8.23
19780811      8.13
19780818      8.38
19780825      8.40
19780901      8.47
19780908      8.46
19780915      8.56
19780922      8.72
19780929      8.81
19781006      8.88
19781013      8.93
19781020      9.17
19781027      9.24
19781103      9.95
19781110     10.16
19781117      9.89
19781124      9.92
19781201     10.11
19781208     10.14
19781215     10.12
19781222     10.49
19781229     10.54
19790105     10.51
19790112     10.51
19790119     10.50
19790126     10.31
19790202     10.13
19790209     10.19
19790216     10.19
19790223     10.33
19790302     10.36
19790309     10.30
19790316     10.31
19790323     10.22
19790330     10.11
19790406     10.09
19790413     10.24
19790420     10.04
19790427     10.12
19790504     10.30
19790511     10.27
19790518     10.09
19790525      9.95
19790601      9.88
19790608      9.74
19790615      9.48
19790622      9.61
19790629      9.39
19790706      9.44
19790713      9.53
19790720      9.70
19790727      9.82
19790803      9.72
19790810      9.72
19790817      9.95
19790824     10.14
19790831     10.28
19790907     10.75
19790914     10.91
19790921     10.89
19790928     10.81
19791005     11.02
19791012     12.50
19791019     12.68
19791026     13.31
19791102     12.91
19791109     12.94
19791116     12.31
19791123     12.45
19791130     11.76
19791207     11.93
19791214     12.28
19791221     11.91
19791228     11.84
19800104     12.02
19800111     11.90
19800118     11.92
19800125     12.11
19800201     12.36
19800208     12.80
19800215     13.22
19800222     14.71
19800229     15.24
19800307     15.77
19800314     15.68
19800321     15.58
19800328     16.25
19800404     15.74
19800411     14.68
19800418     13.21
19800425     11.86
19800502     10.94
19800509      9.77
19800516      9.44
19800523      9.02
19800530      8.68
19800606      8.56
19800613      7.89
19800620      7.87
19800627      8.23
19800704      8.51
19800711      8.54
19800718      8.57
19800725      8.58
19800801      9.13
19800808      9.35
19800815      9.71
19800822     10.79
19800829     11.28
19800905     10.74
19800912     11.12
19800919     11.65
19800926     12.07
19801003     12.28
19801010     11.99
19801017     11.98
19801024     12.56
19801031     13.51
19801107     13.97
19801114     13.61
19801121     14.20
19801128     14.81
19801205     15.18
19801212     15.52
19801219     15.44
19801226     13.82
19810102     13.86
19810109     13.68
19810116     13.91
19810123     14.52
19810130     14.24
19810206     14.41
19810213     14.92
19810220     14.50
19810227     14.50
19810306     14.69
19810313     13.92
19810320     12.96
19810327     13.51
19810403     13.20
19810410     13.98
19810417     14.27
19810424     14.70
19810501     15.11
19810508     16.36
19810515     16.63
19810522     16.44
19810529     15.44
19810605     15.22
19810612     14.73
19810619     14.67
19810626     14.86
19810703     14.94
19810710     15.27
19810717     15.34
19810724     16.36
19810731     16.13
19810807     16.56
19810814     16.45
19810821     16.74
19810828     17.07
19810904     17.15
19810911     16.93
19810918     16.13
19810925     16.05
19811002     16.52
19811009     15.53
19811016     15.14
19811023     15.34
19811030     15.02
19811106     13.83
19811113     12.51
19811120     11.88
19811127     11.70
19811204     12.00
19811211     12.32
19811218     12.79
19811225     13.56
19820101     13.68
19820108     13.80
19820115     14.39
19820122     14.72
19820129     14.37
19820205     14.85
19820212     15.11
19820219     15.03
19820226     14.08
19820305     13.71
19820312     13.73
19820319     14.08
19820326     14.01
19820402     14.32
19820409     14.20
19820416     14.07
19820423     13.86
19820430     13.75
19820507     13.71
19820514     13.49
19820521     13.18
19820528     13.00
19820604     13.46
19820611     13.59
19820618     14.22
19820625     14.62
19820702     14.41
19820709     13.98
19820716     13.46
19820723     12.50
19820730     12.73
19820806     12.32
19820813     12.23
19820820     10.63
19820827     10.63
19820903     11.12
19820910     11.05
19820917     11.10
19820924     10.67
19821001     10.34
19821008     10.05
19821015      8.82
19821022      8.89
19821029      9.26
19821105      9.03
19821112      9.19
19821119      9.23
19821126      9.07
19821203      9.26
19821210      9.06
19821217      8.83
19821224      8.80
19821231      8.75
19830107      8.62
19830114      8.41
19830121      8.56
19830128      8.83
19830204      8.98
19830211      9.06
19830218      8.98
19830225      8.67
19830304      8.59
19830311      8.93
19830318      9.05
19830325      9.28
19830401      9.34
19830408      9.17
19830415      8.94
19830422      8.98
19830429      8.83
19830506      8.64
19830513      8.70
19830520      8.93
19830527      9.23
19830603      9.43
19830610      9.64
19830617      9.54
19830624      9.82
19830701      9.78
19830708     10.12
19830715     10.27
19830722     10.18
19830729     10.31
19830805     10.63
19830812     10.77
19830819     10.43
19830826     10.27
19830902     10.57
19830909     10.38
19830916     10.21
19830923     10.01
19830930      9.89
19831007      9.77
19831014      9.92
19831021      9.69
19831028      9.86
19831104      9.92
19831111      9.95
19831118      9.92
19831125      9.90
19831202     10.01
19831209     10.10
19831216     10.15
19831223     10.13
19831230     10.09
19840106     10.02
19840113      9.91
19840120      9.86
19840127      9.87
19840203      9.81
19840210      9.94
19840217     10.05
19840224     10.21
19840302     10.24
19840309     10.33
19840316     10.53
19840323     10.85
19840330     10.79
19840406     10.91
19840413     10.76
19840420     10.94
19840427     10.98
19840504     11.19
19840511     11.52
19840518     11.68
19840525     11.84
19840601     12.10
19840608     11.92
19840615     12.02
19840622     12.15
19840629     12.28
19840706     12.17
19840713     12.10
19840720     12.03
19840727     11.90
19840803     11.84
19840810     11.80
19840817     11.73
19840824     11.80
19840831     11.97
19840907     11.95
19840914     11.61
19840921     11.41
19840928     11.42
19841005     11.39
19841012     11.16
19841019     10.93
19841026     10.46
19841102     10.31
19841109      9.98
19841116      9.99
19841123      9.64
19841130      9.55
19841207      9.63
19841214      9.49
19841221      9.09
19841228      9.10
19850104      9.19
19850111      9.04
19850118      9.05
19850125      8.90
19850201      9.03
19850208      9.18
19850215      9.19
19850222      9.30
19850301      9.61
19850308      9.89
19850315      9.91
19850322      9.97
19850329      9.68
19850405      9.54
19850412      9.32
19850419      8.95
19850426      8.89
19850503      8.92
19850510      8.73
19850517      8.52
19850524      8.22
19850531      8.09
19850607      7.80
19850614      7.85
19850621      7.66
19850628      7.91
19850705      7.66
19850712      7.73
19850719      7.82
19850726      8.03
19850802      8.14
19850809      8.15
19850816      8.07
19850823      7.95
19850830      7.97
19850906      8.04
19850913      8.20
19850920      8.11
19850927      7.88
19851004      7.96
19851011      8.06
19851018      8.01
19851025      8.03
19851101      7.97
19851108      7.91
19851115      7.89
19851122      7.85
19851129      7.87
19851206      7.90
19851213      7.65
19851220      7.57
19851227      7.59
19860103      7.63
19860110      7.74
19860117      7.86
19860124      7.73
19860131      7.62
19860207      7.63
19860214      7.69
19860221      7.62
19860228      7.52
19860307      7.22
19860314      7.03
19860321      7.01
19860328      6.89
19860404      6.67
19860411      6.41
19860418      6.21
19860425      6.46
19860502      6.56
19860509      6.49
19860516      6.65
19860523      6.74
19860530      6.79
19860606      7.00
19860613      6.85
19860620      6.61
19860627      6.54
19860704      6.36
19860711      6.29
19860718      6.18
19860725      6.25
19860801      6.27
19860808      6.16
19860815      6.01
19860822      5.85
19860829      5.67
19860905      5.66
19860912      5.79
19860919      5.81
19860926      5.80
19861003      5.79
19861010      5.57
19861017      5.73
19861024      5.82
19861031      5.74
19861107      5.76
19861114      5.89
19861121      5.79
19861128      5.77
19861205      5.78
19861212      5.83
19861219      5.90
19861226      5.92
19870102      5.97
19870109      5.80
19870116      5.76
19870123      5.69
19870130      5.82
19870206      5.92
19870213      6.05
19870220      5.98
19870227      5.90
19870306      5.94
19870313      6.06
19870320      5.99
19870327      6.07
19870403      6.18
19870410      6.26
19870417      6.60
19870424      6.67
19870501      6.76
19870508      6.88
19870515      7.03
19870522      7.20
19870529      6.95
19870605      6.91
19870612      6.80
19870619      6.73
19870626      6.77
19870703      6.71
19870710      6.61
19870717      6.53
19870724      6.71
19870731      6.88
19870807      6.96
19870814      6.93
19870821      7.01
19870828      7.16
19870904      7.41
19870911      7.72
19870918      7.65
19870925      7.70
19871002      7.88
19871009      8.10
19871016      8.33
19871023      7.22
19871030      6.73
19871106      6.87
19871113      6.96
19871120      7.01
19871127      7.02
19871204      7.02
19871211      7.24
19871218      7.23
19871225      7.19
19880101      7.15
19880108      7.15
19880115      7.12
19880122      6.90
19880129      6.77
19880205      6.65
19880212      6.59
19880219      6.70
19880226      6.63
19880304      6.63
19880311      6.72
19880318      6.63
19880325      6.77
19880401      6.78
19880408      7.01
19880415      6.92
19880422      7.03
19880429      7.07
19880506      7.23
19880513      7.33
19880520      7.40
19880527      7.58
19880603      7.59
19880610      7.46
19880617      7.40
19880624      7.53
19880701      7.52
19880708      7.62
19880715      7.79
19880722      7.79
19880729      7.85
19880805      7.89
19880812      8.17
19880819      8.27
19880826      8.28
19880902      8.24
19880909      8.09
19880916      8.01
19880923      8.07
19880930      8.18
19881007      8.13
19881014      8.07
19881021      8.12
19881028      8.13
19881104      8.10
19881111      8.35
19881118      8.55
19881125      8.71
19881202      8.75
19881209      8.89
19881216      9.10
19881223      9.00
19881230      9.07
19890106      9.17
19890113      9.11
19890120      8.96
19890127      8.97
19890203      9.05
19890210      9.15
19890217      9.27
19890224      9.41
19890303      9.40
19890310      9.39
19890317      9.56
19890324      9.78
19890331      9.71
19890407      9.47
19890414      9.48
19890421      9.28
19890428      9.22
19890505      9.16
19890512      9.05
19890519      8.89
19890526      8.86
19890602      8.80
19890609      8.40
19890616      8.45
19890623      8.53
19890630      8.28
19890707      7.97
19890714      7.85
19890721      7.96
19890728      7.86
19890804      7.73
19890811      8.12
19890818      8.30
19890825      8.36
19890901      8.32
19890908      8.27
19890915      8.07
19890922      8.18
19890929      8.38
19891006      8.35
19891013      8.00
19891020      7.85
19891027      7.81
19891103      7.89
19891110      7.87
19891117      7.71
19891124      7.64
19891201      7.73
19891208      7.73
19891215      7.73
19891222      7.66
19891229      7.80
19900105      7.82
19900112      7.78
19900119      7.97
19900126      8.01
19900202      8.09
19900209      8.13
19900216      8.05
19900223      8.19
19900302      8.14
19900309      8.34
19900316      8.42
19900323      8.35
19900330      8.34
19900406      8.29
19900413      8.29
19900420      8.41
19900427      8.57
19900504      8.56
19900511      8.36
19900518      8.24
19900525      8.22
19900601      8.18
19900608      8.08
19900615      8.05
19900622      8.14
19900629      8.13
19900706      8.06
19900713      8.09
19900720      7.87
19900727      7.85
19900803      7.67
19900810      7.70
19900817      7.73
19900824      7.93
19900831      7.85
19900907      7.74
19900914      7.75
19900921      7.77
19900928      7.79
19901005      7.58
19901012      7.62
19901019      7.58
19901026      7.50
19901102      7.41
19901109      7.35
19901116      7.30
19901123      7.29
19901130      7.30
19901207      7.24
19901214      7.08
19901221      6.96
19901228      6.95
19910104      6.78
19910111      6.71
19910118      6.62
19910125      6.58
19910201      6.51
19910208      6.23
19910215      6.20
19910222      6.30
19910301      6.40
19910308      6.48
19910315      6.32
19910322      6.41
19910329      6.34
19910405      6.26
19910412      6.22
19910419      6.26
19910426      6.25
19910503      6.11
19910510      6.13
19910517      6.13
19910524      6.15
19910531      6.13
19910607      6.30
19910614      6.40
19910621      6.37
19910628      6.36
19910705      6.40
19910712      6.30
19910719      6.32
19910726      6.29
19910802      6.18
19910809      5.88
19910816      5.72
19910823      5.62
19910830      5.74
19910906      5.70
19910913      5.58
19910920      5.56
19910927      5.50
19911004      5.40
19911011      5.36
19911018      5.33
19911025      5.39
19911101      5.15
19911108      5.00
19911115      4.96
19911122      4.82
19911129      4.74
19911206      4.61
19911213      4.44
19911220      4.35
19911227      4.17
19920103      4.14
19920110      4.06
19920117      4.17
19920124      4.14
19920131      4.23
19920207      4.19
19920214      4.19
19920221      4.37
19920228      4.41
19920306      4.55
19920313      4.64
19920320      4.73
19920327      4.64
19920403      4.50
19920410      4.25
19920417      4.14
19920424      4.32
19920501      4.34
19920508      4.25
19920515      4.12
19920522      4.12
19920529      4.27
19920605      4.27
19920612      4.18
19920619      4.12
19920626      4.14
19920703      3.96
19920710      3.64
19920717      3.53
19920724      3.53
19920731      3.57
19920807      3.54
19920814      3.43
19920821      3.40
19920828      3.52
19920904      3.39
19920911      3.17
19920918      3.15
19920925      3.16
19921002      3.02
19921009      3.09
19921016      3.26
19921023      3.48
19921030      3.50
19921106      3.58
19921113      3.64
19921120      3.73
19921127      3.76
19921204      3.82
19921211      3.72
19921218      3.76
19921225      3.64
19930101      3.62
19930108      3.60
19930115      3.50
19930122      3.47
19930129      3.41
19930205      3.41
19930212      3.45
19930219      3.36
19930226      3.31
19930305      3.30
19930312      3.39
19930319      3.36
19930326      3.30
19930402      3.32
19930409      3.31
19930416      3.21
19930423      3.18
19930430      3.25
19930507      3.23
19930514      3.27
19930521      3.40
19930528      3.55
19930604      3.58
19930611      3.61
19930618      3.49
19930625      3.53
19930702      3.42
19930709      3.42
19930716      3.41
19930723      3.53
19930730      3.57
19930806      3.55
19930813      3.48
19930820      3.41
19930827      3.37
19930903      3.34
19930910      3.32
19930917      3.38
19930924      3.39
19931001      3.35
19931008      3.35
19931015      3.36
19931022      3.40
19931029      3.46
19931105      3.56
19931112      3.55
19931119      3.58
19931126      3.61
19931203      3.62
19931210      3.60
19931217      3.61
19931224      3.60
19931231      3.61
19940107      3.63
19940114      3.52
19940121      3.51
19940128      3.51
19940204      3.66
19940211      3.85
19940218      3.88
19940225      4.01
19940304      4.16
19940311      4.28
19940318      4.31
19940325      4.36
19940401      4.46
19940408      4.71
19940415      4.70
19940422      4.90
19940429      4.99
19940506      5.23
19940513      5.49
19940520      5.23
19940527      5.29
19940603      5.31
19940610      5.16
19940617      5.18
19940624      5.30
19940701      5.47
19940708      5.49
19940715      5.49
19940722      5.41
19940729      5.51
19940805      5.41
19940812      5.60
19940819      5.63
19940826      5.61
19940902      5.56
19940909      5.62
19940916      5.72
19940923      5.85
19940930      5.92
19941007      6.07
19941014      6.04
19941021      6.10
19941028      6.22
19941104      6.28
19941111      6.42
19941118      6.58
19941125      6.63
19941202      6.89
19941209      7.10
19941216      7.20
19941223      7.12
19941230      7.21
19950106      7.24
19950113      7.12
19950120      7.02
19950127      6.95
19950203      6.88
19950210      6.79
19950217      6.70
19950224      6.54
19950303      6.47
19950310      6.54
19950317      6.39
19950324      6.37
19950331      6.38
19950407      6.38
19950414      6.28
19950421      6.17
19950428      6.24
19950505      6.16
19950512      6.00
19950519      5.98
19950526      5.92
19950602      5.71
19950609      5.69
19950616      5.66
19950623      5.59
19950630      5.65
19950707      5.53
19950714      5.47
19950721      5.64
19950728      5.72
19950804      5.68
19950811      5.71
19950818      5.86
19950825      5.81
19950901      5.66
19950908      5.63
19950915      5.59
19950922      5.57
19950929      5.69
19951006      5.61
19951013      5.60
19951020      5.59
19951027      5.58
19951103      5.48
19951110      5.45
19951117      5.43
19951124      5.44
19951201      5.39
19951208      5.35
19951215      5.35
19951222      5.30
19951229      5.21
19960105      5.18
19960112      5.17
19960119      5.03
19960126      5.05
19960202      4.93
19960209      4.85
19960216      4.81
19960223      5.04
19960301      5.14
19960308      5.15
19960315      5.41
19960322      5.44
19960329      5.42
19960405      5.48
19960412      5.62
19960419      5.51
19960426      5.52
19960503      5.63
19960510      5.67
19960517      5.59
19960524      5.59
19960531      5.70
19960607      5.78
19960614      5.86
19960621      5.82
19960628      5.79
19960705      5.82
19960712      5.90
19960719      5.80
19960726      5.85
19960802      5.80
19960809      5.60
19960816      5.62
19960823      5.64
19960830      5.81
19960906      5.95
19960913      5.88
19960920      5.82
19960927      5.72
19961004      5.61
19961011      5.57
19961018      5.55
19961025      5.56
19961101      5.48
19961108      5.44
19961115      5.41
19961122      5.42
19961129      5.41
19961206      5.42
19961213      5.46
19961220      5.51
19961227      5.50
19970103      5.55
19970110      5.61
19970117      5.61
19970124      5.61
19970131      5.62
19970207      5.53
19970214      5.49
19970221      5.47
19970228      5.60
19970307      5.70
19970314      5.72
19970321      5.81
19970328      5.94
19970404      5.99
19970411      5.99
19970418      5.98
19970425      6.01
19970502      5.93
19970509      5.90
19970516      5.86
19970523      5.85
19970530      5.86
19970606      5.76
19970613      5.72
19970620      5.65
19970627      5.65
19970704      5.63
19970711      5.54
19970718      5.56
19970725      5.54
19970801      5.48
19970808      5.55
19970815      5.59
19970822      5.54
19970829      5.59
19970905      5.58
19970912      5.59
19970919      5.48
19970926      5.47
19971003      5.45
19971010      5.45
19971017      5.52
19971024      5.53
19971031      5.35
19971107      5.44
19971114      5.44
19971121      5.46
19971128      5.50
19971205      5.54
19971212      5.53
19971219      5.49
19971226      5.55
19980102      5.52
19980109      5.25
19980116      5.18
19980123      5.22
19980130      5.28
19980206      5.26
19980213      5.28
19980220      5.28
19980227      5.42
19980306      5.43
19980313      5.37
19980320      5.36
19980327      5.39
19980403      5.36
19980410      5.30
19980417      5.39
19980424      5.40
19980501      5.45
19980508      5.43
19980515      5.46
19980522      5.45
19980529      5.43
19980605      5.42
19980612      5.42
19980619      5.40
19980626      5.41
19980703      5.38
19980710      5.34
19980717      5.36
19980724      5.36
19980731      5.37
19980807      5.31
19980814      5.23
19980821      5.24
19980828      5.10
19980904      4.91
19980911      4.76
19980918      4.76
19980925      4.61
19981002      4.41
19981009      4.18
19981016      4.14
19981023      4.01
19981030      4.10
19981106      4.46
19981113      4.52
19981120      4.54
19981127      4.59
19981204      4.46
19981211      4.49
19981218      4.47
19981225      4.63
19990101      4.59
19990108      4.55
19990115      4.51
19990122      4.49
19990129      4.51
19990205      4.61
19990212      4.67
19990219      4.71
19990226      4.82
19990305      4.89
19990312      4.77
19990319      4.74
19990326      4.75
19990402      4.72
19990409      4.66
19990416      4.67
19990423      4.70
19990430      4.73
19990507      4.78
19990514      4.79
19990521      4.89
19990528      4.93
19990604      5.08
19990611      5.12
19990618      5.03
19990625      5.14
19990702      5.11
19990709      5.06
19990716      5.01
19990723      4.98
19990730      5.07
19990806      5.13
19990813      5.23
19990820      5.20
19990827      5.19
19990903      5.29
19990910      5.28
